1.753700299999999823e-01,9.624119349999999962e-01,6.124784399999999573e-01,3.211829200000000384e-01,7.174818080000000542e-01,7.007924509999999829e-01,3.204523360000000043e-01,5.000000000000000278e-02,7.027732000000000423e-02,1.000000000000000056e-01,9.685863100000000059e-02,9.235755310000000051e-01,8.277341540000000553e-01,3.310903460000000353e-01,4.325841000000000408e-03,1.995440700000000039e-02,6.930363999999999622e-03,1.983530799999999941e-02,1.203595699999999991e-01,7.478481259999999464e-01,7.397918549999999982e-01,9.664007230000000170e-01,5.363301820000000442e-01,6.259274479999999974e-01,7.028397100000000064e-01,3.096618850000000256e-01,1.662915099999999827e-02,7.194646439999999865e-01,4.635462770000000066e-01,8.887138329999999531e-01
1.809967869999999923e-01,9.722108590000000383e-01,6.137925099999999023e-01,3.241245369999999903e-01,7.108005860000000675e-01,7.007924509999999829e-01,3.204523360000000043e-01,5.000000000000000278e-02,7.027732000000000423e-02,1.000000000000000056e-01,9.685863100000000059e-02,9.300233229999999018e-01,8.173765179999999964e-01,3.395489230000000025e-01,4.325841000000000408e-03,1.995440700000000039e-02,6.930363999999999622e-03,2.654545500000000252e-02,1.300279530000000017e-01,7.260629499999999847e-01,7.397918549999999982e-01,9.664007230000000170e-01,5.363301820000000442e-01,6.259274479999999974e-01,7.028397100000000064e-01,3.096618850000000256e-01,1.662915099999999827e-02,7.194646439999999865e-01,4.635462770000000066e-01,8.887138329999999531e-01
1.795873739999999941e-01,9.738499139999999832e-01,5.962341019999999325e-01,3.405567760000000055e-01,7.309724499999999958e-01,7.007924509999999829e-01,3.204523360000000043e-01,5.000000000000000278e-02,7.027732000000000423e-02,1.000000000000000056e-01,9.685863100000000059e-02,9.215491879999999636e-01,8.145469340000000003e-01,3.435902160000000038e-01,4.325841000000000408e-03,1.995440700000000039e-02,6.930363999999999622e-03,2.927970400000000362e-02,1.142221689999999984e-01,7.388265819999999540e-01,7.397918549999999982e-01,9.664007230000000170e-01,5.363301820000000442e-01,6.259274479999999974e-01,7.028397100000000064e-01,3.096618850000000256e-01,1.662915099999999827e-02,7.194646439999999865e-01,4.635462770000000066e-01,8.887138329999999531e-01
1.966907639999999902e-01,9.685726430000000109e-01,6.151044659999999054e-01,3.349856460000000258e-01,7.213059250000000144e-01,7.007924509999999829e-01,3.204523360000000043e-01,5.000000000000000278e-02,7.027732000000000423e-02,1.000000000000000056e-01,9.685863100000000059e-02,9.328792699999999272e-01,8.236609740000000457e-01,3.314592239999999967e-01,4.325841000000000408e-03,1.995440700000000039e-02,6.930363999999999622e-03,2.288850800000000185e-02,1.089031899999999969e-01,7.523213159999999622e-01,7.397918549999999982e-01,9.664007230000000170e-01,5.363301820000000442e-01,6.259274479999999974e-01,7.028397100000000064e-01,3.096618850000000256e-01,1.662915099999999827e-02,7.194646439999999865e-01,4.635462770000000066e-01,8.887138329999999531e-01
1.844321569999999855e-01,9.760308819999999885e-01,6.104732179999999842e-01,3.361523200000000045e-01,7.302781310000000525e-01,7.007924509999999829e-01,3.204523360000000043e-01,5.000000000000000278e-02,7.027732000000000423e-02,1.000000000000000056e-01,9.685863100000000059e-02,9.277260729999999844e-01,8.106065700000000263e-01,3.266513480000000080e-01,4.325841000000000408e-03,1.995440700000000039e-02,6.930363999999999622e-03,2.571835199999999988e-02,1.107077569999999900e-01,7.242167400000000255e-01,7.397918549999999982e-01,9.664007230000000170e-01,5.363301820000000442e-01,6.259274479999999974e-01,7.028397100000000064e-01,3.096618850000000256e-01,1.662915099999999827e-02,7.194646439999999865e-01,4.635462770000000066e-01,8.887138329999999531e-01
1.952317889999999889e-01,9.660170110000000365e-01,6.118474849999999687e-01,3.317889600000000216e-01,7.258983560000000779e-01,7.007924509999999829e-01,3.204523360000000043e-01,5.000000000000000278e-02,7.027732000000000423e-02,1.000000000000000056e-01,9.685863100000000059e-02,9.387098409999999893e-01,8.134068540000000125e-01,3.289692280000000024e-01,4.325841000000000408e-03,1.995440700000000039e-02,6.930363999999999622e-03,2.135667999999999941e-02,1.253198670000000015e-01,7.409237509999999638e-01,7.397918549999999982e-01,9.664007230000000170e-01,5.363301820000000442e-01,6.259274479999999974e-01,7.028397100000000064e-01,3.096618850000000256e-01,1.662915099999999827e-02,7.194646439999999865e-01,4.635462770000000066e-01,8.887138329999999531e-01
2.021901210000000004e-01,9.499478510000000098e-01,6.057197869999999540e-01,3.243968799999999986e-01,7.146034950000000885e-01,7.007924509999999829e-01,3.204523360000000043e-01,5.000000000000000278e-02,7.027732000000000423e-02,1.000000000000000056e-01,9.685863100000000059e-02,9.284664759999999850e-01,8.045015810000000211e-01,3.295056250000000242e-01,4.325841000000000408e-03,1.995440700000000039e-02,6.930363999999999622e-03,2.548670299999999944e-02,1.236003660000000032e-01,7.318974369999999841e-01,7.397918549999999982e-01,9.664007230000000170e-01,5.363301820000000442e-01,6.259274479999999974e-01,7.028397100000000064e-01,3.096618850000000256e-01,1.662915099999999827e-02,7.194646439999999865e-01,4.635462770000000066e-01,8.887138329999999531e-01
1.902465079999999809e-01,9.531321219999999705e-01,6.049505509999999475e-01,3.205082330000000312e-01,7.359819910000000576e-01,7.007924509999999829e-01,3.204523360000000043e-01,5.000000000000000278e-02,7.027732000000000423e-02,1.000000000000000056e-01,9.685863100000000059e-02,9.295602229999999633e-01,8.263840070000000315e-01,3.352656139999999896e-01,4.325841000000000408e-03,1.995440700000000039e-02,6.930363999999999622e-03,4.731763999999999415e-03,1.295933109999999888e-01,7.308975169999999411e-01,7.397918549999999982e-01,9.664007230000000170e-01,5.363301820000000442e-01,6.259274479999999974e-01,7.028397100000000064e-01,3.096618850000000256e-01,1.662915099999999827e-02,7.194646439999999865e-01,4.635462770000000066e-01,8.887138329999999531e-01
1.831509020000000043e-01,9.750002269999999971e-01,5.996311689999999084e-01,3.158685500000000257e-01,7.110972230000000005e-01,7.007924509999999829e-01,3.204523360000000043e-01,5.000000000000000278e-02,7.027732000000000423e-02,1.000000000000000056e-01,9.685863100000000059e-02,9.447321369999999163e-01,8.135841100000000825e-01,3.345076160000000076e-01,4.325841000000000408e-03,1.995440700000000039e-02,6.930363999999999622e-03,2.215897000000000006e-02,1.204126219999999969e-01,7.370313010000000276e-01,7.397918549999999982e-01,9.664007230000000170e-01,5.363301820000000442e-01,6.259274479999999974e-01,7.028397100000000064e-01,3.096618850000000256e-01,1.662915099999999827e-02,7.194646439999999865e-01,4.635462770000000066e-01,8.887138329999999531e-01
1.751172440000000052e-01,9.574493859999999579e-01,6.212922359999999422e-01,3.131318730000000050e-01,7.213773380000000346e-01,7.007924509999999829e-01,3.204523360000000043e-01,5.000000000000000278e-02,7.027732000000000423e-02,1.000000000000000056e-01,9.685863100000000059e-02,9.382295949999999163e-01,8.299815380000000742e-01,3.386833570000000182e-01,4.325841000000000408e-03,1.995440700000000039e-02,6.930363999999999622e-03,2.267814300000000130e-02,1.331921510000000086e-01,7.535338799999999893e-01,7.397918549999999982e-01,9.664007230000000170e-01,5.363301820000000442e-01,6.259274479999999974e-01,7.028397100000000064e-01,3.096618850000000256e-01,1.662915099999999827e-02,7.194646439999999865e-01,4.635462770000000066e-01,8.887138329999999531e-01
1.971826389999999929e-01,9.647471189999999863e-01,6.128075909999999293e-01,3.358081580000000232e-01,7.201696550000000752e-01,7.007924509999999829e-01,3.204523360000000043e-01,5.000000000000000278e-02,7.027732000000000423e-02,1.000000000000000056e-01,9.685863100000000059e-02,9.334647509999999260e-01,8.224248940000000729e-01,3.343258689999999977e-01,4.325841000000000408e-03,1.995440700000000039e-02,6.930363999999999622e-03,2.285976800000000253e-02,1.283135880000000062e-01,7.393515990000000260e-01,7.397918549999999982e-01,9.664007230000000170e-01,5.363301820000000442e-01,6.259274479999999974e-01,7.028397100000000064e-01,3.096618850000000256e-01,1.662915099999999827e-02,7.194646439999999865e-01,4.635462770000000066e-01,8.887138329999999531e-01
1.848436109999999910e-01,9.736156390000000327e-01,6.136378279999999963e-01,3.189035390000000136e-01,7.321060670000000270e-01,7.007924509999999829e-01,3.204523360000000043e-01,5.000000000000000278e-02,7.027732000000000423e-02,1.000000000000000056e-01,9.685863100000000059e-02,9.180467369999999461e-01,8.244265310000000735e-01,3.333458160000000170e-01,4.325841000000000408e-03,1.995440700000000039e-02,6.930363999999999622e-03,1.657567400000000205e-02,1.305443430000000071e-01,7.509810459999999299e-01,7.397918549999999982e-01,9.664007230000000170e-01,5.363301820000000442e-01,6.259274479999999974e-01,7.028397100000000064e-01,3.096618850000000256e-01,1.662915099999999827e-02,7.194646439999999865e-01,4.635462770000000066e-01,8.887138329999999531e-01
1.979426029999999948e-01,9.773037420000000308e-01,5.975436020000000070e-01,3.385484970000000038e-01,7.208345060000000970e-01,7.007924509999999829e-01,3.204523360000000043e-01,5.000000000000000278e-02,7.027732000000000423e-02,1.000000000000000056e-01,9.685863100000000059e-02,9.451326629999999840e-01,8.102361760000000857e-01,3.384642630000000429e-01,4.325841000000000408e-03,1.995440700000000039e-02,6.930363999999999622e-03,2.485170600000000118e-02,1.329912020000000028e-01,7.447293120000000322e-01,7.397918549999999982e-01,9.664007230000000170e-01,5.363301820000000442e-01,6.259274479999999974e-01,7.028397100000000064e-01,3.096618850000000256e-01,1.662915099999999827e-02,7.194646439999999865e-01,4.635462770000000066e-01,8.887138329999999531e-01
1.763975409999999910e-01,9.636509469999999800e-01,5.951576349999999627e-01,3.340059619999999896e-01,7.252455740000000040e-01,7.007924509999999829e-01,3.204523360000000043e-01,5.000000000000000278e-02,7.027732000000000423e-02,1.000000000000000056e-01,9.685863100000000059e-02,9.436372709999999442e-01,8.185939150000000053e-01,3.363486480000000278e-01,4.325841000000000408e-03,1.995440700000000039e-02,6.930363999999999622e-03,1.560467299999999946e-02,1.241977269999999939e-01,7.514344760000000178e-01,7.397918549999999982e-01,9.664007230000000170e-01,5.363301820000000442e-01,6.259274479999999974e-01,7.028397100000000064e-01,3.096618850000000256e-01,1.662915099999999827e-02,7.194646439999999865e-01,4.635462770000000066e-01,8.887138329999999531e-01
1.741364539999999961e-01,9.497545259999999878e-01,6.159336079999999658e-01,3.306101850000000009e-01,7.140538360000000528e-01,7.007924509999999829e-01,3.204523360000000043e-01,5.000000000000000278e-02,7.027732000000000423e-02,1.000000000000000056e-01,9.685863100000000059e-02,9.248147019999999330e-01,8.253682180000000423e-01,3.333968230000000088e-01,4.325841000000000408e-03,1.995440700000000039e-02,6.930363999999999622e-03,2.665729300000000204e-02,1.159865280000000054e-01,7.263756869999999921e-01,7.397918549999999982e-01,9.664007230000000170e-01,5.363301820000000442e-01,6.259274479999999974e-01,7.028397100000000064e-01,3.096618850000000256e-01,1.662915099999999827e-02,7.194646439999999865e-01,4.635462770000000066e-01,8.887138329999999531e-01
1.987049820000000022e-01,9.634278680000000206e-01,6.097241769999999228e-01,3.216172689999999834e-01,7.177022720000000300e-01,7.007924509999999829e-01,3.204523360000000043e-01,5.000000000000000278e-02,7.027732000000000423e-02,1.000000000000000056e-01,9.685863100000000059e-02,9.303144419999999082e-01,8.178055780000000885e-01,3.389012550000000124e-01,4.325841000000000408e-03,1.995440700000000039e-02,6.930363999999999622e-03,2.702865800000000054e-02,1.124980319999999978e-01,7.251655590000000151e-01,7.397918549999999982e-01,9.664007230000000170e-01,5.363301820000000442e-01,6.259274479999999974e-01,7.028397100000000064e-01,3.096618850000000256e-01,1.662915099999999827e-02,7.194646439999999865e-01,4.635462770000000066e-01,8.887138329999999531e-01
1.863953599999999822e-01,9.538990210000000136e-01,5.933789439999999082e-01,3.301340830000000226e-01,7.351454940000000660e-01,7.007924509999999829e-01,3.204523360000000043e-01,5.000000000000000278e-02,7.027732000000000423e-02,1.000000000000000056e-01,9.685863100000000059e-02,9.452672109999999961e-01,8.283024150000000141e-01,3.485753300000000166e-01,4.325841000000000408e-03,1.995440700000000039e-02,6.930363999999999622e-03,1.549690199999999990e-02,1.108834860000000033e-01,7.425563330000000128e-01,7.397918549999999982e-01,9.664007230000000170e-01,5.363301820000000442e-01,6.259274479999999974e-01,7.028397100000000064e-01,3.096618850000000256e-01,1.662915099999999827e-02,7.194646439999999865e-01,4.635462770000000066e-01,8.887138329999999531e-01
1.965873529999999925e-01,9.757909729999999504e-01,6.222768319999999465e-01,3.181137600000000232e-01,7.085388740000000407e-01,7.007924509999999829e-01,3.204523360000000043e-01,5.000000000000000278e-02,7.027732000000000423e-02,1.000000000000000056e-01,9.685863100000000059e-02,9.243367569999999533e-01,8.049205020000000932e-01,3.190671489999999944e-01,4.325841000000000408e-03,1.995440700000000039e-02,6.930363999999999622e-03,2.643009699999999962e-02,1.268619139999999923e-01,7.264777409999999547e-01,7.397918549999999982e-01,9.664007230000000170e-01,5.363301820000000442e-01,6.259274479999999974e-01,7.028397100000000064e-01,3.096618850000000256e-01,1.662915099999999827e-02,7.194646439999999865e-01,4.635462770000000066e-01,8.887138329999999531e-01
1.919205989999999973e-01,9.701032849999999819e-01,6.157477160000000005e-01,3.294540550000000234e-01,7.194947980000000465e-01,7.007924509999999829e-01,3.204523360000000043e-01,5.000000000000000278e-02,7.027732000000000423e-02,1.000000000000000056e-01,9.685863100000000059e-02,9.176244339999999333e-01,8.052703710000000958e-01,3.327207779999999948e-01,4.325841000000000408e-03,1.995440700000000039e-02,6.930363999999999622e-03,2.087343399999999974e-02,1.106142810000000087e-01,7.302166869999999754e-01,7.397918549999999982e-01,9.664007230000000170e-01,5.363301820000000442e-01,6.259274479999999974e-01,7.028397100000000064e-01,3.096618850000000256e-01,1.662915099999999827e-02,7.194646439999999865e-01,4.635462770000000066e-01,8.887138329999999531e-01
1.791598409999999864e-01,9.625371129999999997e-01,6.011315479999999045e-01,3.287475440000000027e-01,7.323267500000000263e-01,7.007924509999999829e-01,3.204523360000000043e-01,5.000000000000000278e-02,7.027732000000000423e-02,1.000000000000000056e-01,9.685863100000000059e-02,9.187313809999999581e-01,8.074565540000000485e-01,3.268618950000000134e-01,4.325841000000000408e-03,1.995440700000000039e-02,6.930363999999999622e-03,2.466458200000000087e-02,1.112731799999999993e-01,7.340819259999999957e-01,7.397918549999999982e-01,9.664007230000000170e-01,5.363301820000000442e-01,6.259274479999999974e-01,7.028397100000000064e-01,3.096618850000000256e-01,1.662915099999999827e-02,7.194646439999999865e-01,4.635462770000000066e-01,8.887138329999999531e-01
1.956188140000000020e-01,9.657426479999999813e-01,5.939332639999999053e-01,3.359356139999999935e-01,7.144869510000000368e-01,7.007924509999999829e-01,3.204523360000000043e-01,5.000000000000000278e-02,7.027732000000000423e-02,1.000000000000000056e-01,9.685863100000000059e-02,9.366503869999999177e-01,8.036207370000000294e-01,3.385918180000000444e-01,4.325841000000000408e-03,1.995440700000000039e-02,6.930363999999999622e-03,8.910103000000002549e-03,1.290459409999999973e-01,7.453925249999999725e-01,7.397918549999999982e-01,9.664007230000000170e-01,5.363301820000000442e-01,6.259274479999999974e-01,7.028397100000000064e-01,3.096618850000000256e-01,1.662915099999999827e-02,7.194646439999999865e-01,4.635462770000000066e-01,8.887138329999999531e-01
1.757595389999999924e-01,9.605654970000000459e-01,5.988071379999999611e-01,3.354740809999999795e-01,7.119461910000000060e-01,7.007924509999999829e-01,3.204523360000000043e-01,5.000000000000000278e-02,7.027732000000000423e-02,1.000000000000000056e-01,9.685863100000000059e-02,9.169018379999999135e-01,8.052015670000000069e-01,3.244091990000000369e-01,4.325841000000000408e-03,1.995440700000000039e-02,6.930363999999999622e-03,6.664789000000004293e-03,1.150606359999999939e-01,7.337818130000000050e-01,7.397918549999999982e-01,9.664007230000000170e-01,5.363301820000000442e-01,6.259274479999999974e-01,7.028397100000000064e-01,3.096618850000000256e-01,1.662915099999999827e-02,7.194646439999999865e-01,4.635462770000000066e-01,8.887138329999999531e-01
1.735599419999999948e-01,9.541177920000000201e-01,6.206962889999999566e-01,3.395902080000000045e-01,7.272753660000000897e-01,7.007924509999999829e-01,3.204523360000000043e-01,5.000000000000000278e-02,7.027732000000000423e-02,1.000000000000000056e-01,9.685863100000000059e-02,9.281822459999999886e-01,8.160046950000000576e-01,3.401320389999999971e-01,4.325841000000000408e-03,1.995440700000000039e-02,6.930363999999999622e-03,1.913364300000000226e-02,1.313351650000000037e-01,7.365739689999999396e-01,7.397918549999999982e-01,9.664007230000000170e-01,5.363301820000000442e-01,6.259274479999999974e-01,7.028397100000000064e-01,3.096618850000000256e-01,1.662915099999999827e-02,7.194646439999999865e-01,4.635462770000000066e-01,8.887138329999999531e-01
1.936473149999999865e-01,9.492347190000000046e-01,5.927390769999999476e-01,3.330851029999999935e-01,7.175784570000000029e-01,7.007924509999999829e-01,3.204523360000000043e-01,5.000000000000000278e-02,7.027732000000000423e-02,1.000000000000000056e-01,9.685863100000000059e-02,9.164946049999999067e-01,8.059288730000000456e-01,3.188758220000000310e-01,4.325841000000000408e-03,1.995440700000000039e-02,6.930363999999999622e-03,4.254452999999998319e-03,1.301952859999999934e-01,7.500697429999999555e-01,7.397918549999999982e-01,9.664007230000000170e-01,5.363301820000000442e-01,6.259274479999999974e-01,7.028397100000000064e-01,3.096618850000000256e-01,1.662915099999999827e-02,7.194646439999999865e-01,4.635462770000000066e-01,8.887138329999999531e-01
1.976145499999999999e-01,9.651777329999999822e-01,6.156703919999999552e-01,3.371301740000000047e-01,7.096956309999999934e-01,7.007924509999999829e-01,3.204523360000000043e-01,5.000000000000000278e-02,7.027732000000000423e-02,1.000000000000000056e-01,9.685863100000000059e-02,9.275114479999999606e-01,8.313481260000000761e-01,3.228029990000000349e-01,4.325841000000000408e-03,1.995440700000000039e-02,6.930363999999999622e-03,3.128914000000000001e-02,1.121064410000000011e-01,7.389780679999999879e-01,7.397918549999999982e-01,9.664007230000000170e-01,5.363301820000000442e-01,6.259274479999999974e-01,7.028397100000000064e-01,3.096618850000000256e-01,1.662915099999999827e-02,7.194646439999999865e-01,4.635462770000000066e-01,8.887138329999999531e-01
1.813841479999999950e-01,9.517764840000000337e-01,5.972607729999999115e-01,3.157184909999999900e-01,7.199724299999999966e-01,7.007924509999999829e-01,3.204523360000000043e-01,5.000000000000000278e-02,7.027732000000000423e-02,1.000000000000000056e-01,9.685863100000000059e-02,9.250217279999999320e-01,8.229708980000000063e-01,3.356750430000000063e-01,4.325841000000000408e-03,1.995440700000000039e-02,6.930363999999999622e-03,2.675323400000000074e-02,1.361470969999999947e-01,7.247357739999999993e-01,7.397918549999999982e-01,9.664007230000000170e-01,5.363301820000000442e-01,6.259274479999999974e-01,7.028397100000000064e-01,3.096618850000000256e-01,1.662915099999999827e-02,7.194646439999999865e-01,4.635462770000000066e-01,8.887138329999999531e-01
1.963516829999999991e-01,9.482232729999999776e-01,6.052880989999999128e-01,3.406996709999999817e-01,7.168822290000000930e-01,7.007924509999999829e-01,3.204523360000000043e-01,5.000000000000000278e-02,7.027732000000000423e-02,1.000000000000000056e-01,9.685863100000000059e-02,9.335763879999999793e-01,8.129544010000000487e-01,3.288155540000000099e-01,4.325841000000000408e-03,1.995440700000000039e-02,6.930363999999999622e-03,2.785600000000000229e-02,1.075433269999999941e-01,7.524940780000000107e-01,7.397918549999999982e-01,9.664007230000000170e-01,5.363301820000000442e-01,6.259274479999999974e-01,7.028397100000000064e-01,3.096618850000000256e-01,1.662915099999999827e-02,7.194646439999999865e-01,4.635462770000000066e-01,8.887138329999999531e-01
1.817424829999999825e-01,9.503770830000000114e-01,6.183082589999999712e-01,3.174461060000000057e-01,7.158698620000000234e-01,7.007924509999999829e-01,3.204523360000000043e-01,5.000000000000000278e-02,7.027732000000000423e-02,1.000000000000000056e-01,9.685863100000000059e-02,9.173106589999999727e-01,8.065604210000000274e-01,3.455608840000000126e-01,4.325841000000000408e-03,1.995440700000000039e-02,6.930363999999999622e-03,2.213807300000000117e-02,1.284270750000000016e-01,7.297857819999999940e-01,7.397918549999999982e-01,9.664007230000000170e-01,5.363301820000000442e-01,6.259274479999999974e-01,7.028397100000000064e-01,3.096618850000000256e-01,1.662915099999999827e-02,7.194646439999999865e-01,4.635462770000000066e-01,8.887138329999999531e-01
1.894440980000000052e-01,9.766772440000000000e-01,5.949685179999999463e-01,3.144882720000000131e-01,7.076706950000000163e-01,7.007924509999999829e-01,3.204523360000000043e-01,5.000000000000000278e-02,7.027732000000000423e-02,1.000000000000000056e-01,9.685863100000000059e-02,9.361223449999999113e-01,8.043947200000000075e-01,3.330467350000000382e-01,4.325841000000000408e-03,1.995440700000000039e-02,6.930363999999999622e-03,1.194029199999999818e-02,1.332307660000000005e-01,7.348012409999999939e-01,7.397918549999999982e-01,9.664007230000000170e-01,5.363301820000000442e-01,6.259274479999999974e-01,7.028397100000000064e-01,3.096618850000000256e-01,1.662915099999999827e-02,7.194646439999999865e-01,4.635462770000000066e-01,8.887138329999999531e-01
1.996057380000000048e-01,9.528671399999999458e-01,6.099511459999999996e-01,3.267281200000000108e-01,7.218532840000000395e-01,7.007924509999999829e-01,3.204523360000000043e-01,5.000000000000000278e-02,7.027732000000000423e-02,1.000000000000000056e-01,9.685863100000000059e-02,9.355174609999999946e-01,8.312927320000000897e-01,3.256750160000000394e-01,4.325841000000000408e-03,1.995440700000000039e-02,6.930363999999999622e-03,5.395188000000002149e-03,1.236597130000000044e-01,7.472057049999999423e-01,7.397918549999999982e-01,9.664007230000000170e-01,5.363301820000000442e-01,6.259274479999999974e-01,7.028397100000000064e-01,3.096618850000000256e-01,1.662915099999999827e-02,7.194646439999999865e-01,4.635462770000000066e-01,8.887138329999999531e-01
1.905913820000000036e-01,9.576982960000000045e-01,5.940678130000000001e-01,3.204252290000000336e-01,7.139970490000000503e-01,7.007924509999999829e-01,3.204523360000000043e-01,5.000000000000000278e-02,7.027732000000000423e-02,1.000000000000000056e-01,9.685863100000000059e-02,9.426999609999999752e-01,8.125219450000000787e-01,3.305279620000000085e-01,4.325841000000000408e-03,1.995440700000000039e-02,6.930363999999999622e-03,2.418286000000000047e-02,1.100944369999999894e-01,7.285077079999999761e-01,7.397918549999999982e-01,9.664007230000000170e-01,5.363301820000000442e-01,6.259274479999999974e-01,7.028397100000000064e-01,3.096618850000000256e-01,1.662915099999999827e-02,7.194646439999999865e-01,4.635462770000000066e-01,8.887138329999999531e-01
1.786848829999999888e-01,9.603562509999999941e-01,6.202544429999999887e-01,3.285375340000000199e-01,7.112810510000000530e-01,7.007924509999999829e-01,3.204523360000000043e-01,5.000000000000000278e-02,7.027732000000000423e-02,1.000000000000000056e-01,9.685863100000000059e-02,9.438995079999999982e-01,8.198832410000000959e-01,3.299467690000000286e-01,4.325841000000000408e-03,1.995440700000000039e-02,6.930363999999999622e-03,3.363343300000000424e-02,1.169971840000000041e-01,7.519865940000000082e-01,7.397918549999999982e-01,9.664007230000000170e-01,5.363301820000000442e-01,6.259274479999999974e-01,7.028397100000000064e-01,3.096618850000000256e-01,1.662915099999999827e-02,7.194646439999999865e-01,4.635462770000000066e-01,8.887138329999999531e-01
1.942663639999999969e-01,9.631380360000000307e-01,6.216881619999999886e-01,3.188513609999999998e-01,7.196421760000000223e-01,7.007924509999999829e-01,3.204523360000000043e-01,5.000000000000000278e-02,7.027732000000000423e-02,1.000000000000000056e-01,9.685863100000000059e-02,9.411405119999999291e-01,8.114688450000000497e-01,3.332016680000000064e-01,4.325841000000000408e-03,1.995440700000000039e-02,6.930363999999999622e-03,2.404740400000000139e-02,1.219863199999999953e-01,7.518603130000000023e-01,7.397918549999999982e-01,9.664007230000000170e-01,5.363301820000000442e-01,6.259274479999999974e-01,7.028397100000000064e-01,3.096618850000000256e-01,1.662915099999999827e-02,7.194646439999999865e-01,4.635462770000000066e-01,8.887138329999999531e-01
1.949864929999999830e-01,9.716582489999999739e-01,6.088292519999999319e-01,3.251395519999999983e-01,7.346420790000000034e-01,7.007924509999999829e-01,3.204523360000000043e-01,5.000000000000000278e-02,7.027732000000000423e-02,1.000000000000000056e-01,9.685863100000000059e-02,9.352086479999999202e-01,8.296354479999999976e-01,3.272617730000000336e-01,4.325841000000000408e-03,1.995440700000000039e-02,6.930363999999999622e-03,1.325438200000000205e-02,1.133541630000000078e-01,7.368146030000000124e-01,7.397918549999999982e-01,9.664007230000000170e-01,5.363301820000000442e-01,6.259274479999999974e-01,7.028397100000000064e-01,3.096618850000000256e-01,1.662915099999999827e-02,7.194646439999999865e-01,4.635462770000000066e-01,8.887138329999999531e-01
1.821281169999999783e-01,9.510027070000000027e-01,6.223685649999999292e-01,3.227373319999999879e-01,7.315009760000000805e-01,7.007924509999999829e-01,3.204523360000000043e-01,5.000000000000000278e-02,7.027732000000000423e-02,1.000000000000000056e-01,9.685863100000000059e-02,9.263710809999999851e-01,8.189574660000000783e-01,3.456249180000000032e-01,4.325841000000000408e-03,1.995440700000000039e-02,6.930363999999999622e-03,1.111441200000000407e-02,1.064119480000000062e-01,7.326525050000000094e-01,7.397918549999999982e-01,9.664007230000000170e-01,5.363301820000000442e-01,6.259274479999999974e-01,7.028397100000000064e-01,3.096618850000000256e-01,1.662915099999999827e-02,7.194646439999999865e-01,4.635462770000000066e-01,8.887138329999999531e-01
2.023184449999999857e-01,9.687146450000000408e-01,6.008070019999999234e-01,3.293531630000000043e-01,7.256115630000000705e-01,7.007924509999999829e-01,3.204523360000000043e-01,5.000000000000000278e-02,7.027732000000000423e-02,1.000000000000000056e-01,9.685863100000000059e-02,9.318384249999999147e-01,8.243024490000000482e-01,3.288434460000000392e-01,4.325841000000000408e-03,1.995440700000000039e-02,6.930363999999999622e-03,5.486393999999998605e-03,1.153189750000000041e-01,7.295816769999999840e-01,7.397918549999999982e-01,9.664007230000000170e-01,5.363301820000000442e-01,6.259274479999999974e-01,7.028397100000000064e-01,3.096618850000000256e-01,1.662915099999999827e-02,7.194646439999999865e-01,4.635462770000000066e-01,8.887138329999999531e-01
1.772285149999999754e-01,9.491606649999999590e-01,6.190338139999999045e-01,3.304712270000000340e-01,7.246570760000000666e-01,7.007924509999999829e-01,3.204523360000000043e-01,5.000000000000000278e-02,7.027732000000000423e-02,1.000000000000000056e-01,9.685863100000000059e-02,9.256122589999999928e-01,8.034918250000000484e-01,3.236510620000000449e-01,4.325841000000000408e-03,1.995440700000000039e-02,6.930363999999999622e-03,9.213391000000001330e-03,1.172338089999999944e-01,7.496786850000000113e-01,7.397918549999999982e-01,9.664007230000000170e-01,5.363301820000000442e-01,6.259274479999999974e-01,7.028397100000000064e-01,3.096618850000000256e-01,1.662915099999999827e-02,7.194646439999999865e-01,4.635462770000000066e-01,8.887138329999999531e-01
1.862430559999999902e-01,9.544545709999999739e-01,6.020819249999999068e-01,3.208922810000000014e-01,7.210694960000000320e-01,7.007924509999999829e-01,3.204523360000000043e-01,5.000000000000000278e-02,7.027732000000000423e-02,1.000000000000000056e-01,9.685863100000000059e-02,9.223642879999999211e-01,8.201624000000000692e-01,3.254450249999999989e-01,4.325841000000000408e-03,1.995440700000000039e-02,6.930363999999999622e-03,5.839995000000000602e-03,1.185567690000000063e-01,7.493745669999999359e-01,7.397918549999999982e-01,9.664007230000000170e-01,5.363301820000000442e-01,6.259274479999999974e-01,7.028397100000000064e-01,3.096618850000000256e-01,1.662915099999999827e-02,7.194646439999999865e-01,4.635462770000000066e-01,8.887138329999999531e-01
1.974122160000000015e-01,9.661409349999999785e-01,6.208240609999999826e-01,3.315551620000000144e-01,7.344345050000000708e-01,7.007924509999999829e-01,3.204523360000000043e-01,5.000000000000000278e-02,7.027732000000000423e-02,1.000000000000000056e-01,9.685863100000000059e-02,9.326530029999999805e-01,8.237757530000000550e-01,3.239759309999999948e-01,4.325841000000000408e-03,1.995440700000000039e-02,6.930363999999999622e-03,1.067078300000000313e-02,1.099718650000000020e-01,7.362152109999999805e-01,7.397918549999999982e-01,9.664007230000000170e-01,5.363301820000000442e-01,6.259274479999999974e-01,7.028397100000000064e-01,3.096618850000000256e-01,1.662915099999999827e-02,7.194646439999999865e-01,4.635462770000000066e-01,8.887138329999999531e-01
1.940497559999999899e-01,9.496511610000000214e-01,6.052279939999999359e-01,3.391429950000000026e-01,7.279645880000000790e-01,7.007924509999999829e-01,3.204523360000000043e-01,5.000000000000000278e-02,7.027732000000000423e-02,1.000000000000000056e-01,9.685863100000000059e-02,9.226871519999999549e-01,8.212681130000000218e-01,3.261032959999999870e-01,4.325841000000000408e-03,1.995440700000000039e-02,6.930363999999999622e-03,2.371279500000000179e-02,1.297606500000000052e-01,7.364383319999999733e-01,7.397918549999999982e-01,9.664007230000000170e-01,5.363301820000000442e-01,6.259274479999999974e-01,7.028397100000000064e-01,3.096618850000000256e-01,1.662915099999999827e-02,7.194646439999999865e-01,4.635462770000000066e-01,8.887138329999999531e-01
1.806278789999999912e-01,9.529736749999999645e-01,5.943032809999999611e-01,3.192406019999999844e-01,7.242576720000000190e-01,7.007924509999999829e-01,3.204523360000000043e-01,5.000000000000000278e-02,7.027732000000000423e-02,1.000000000000000056e-01,9.685863100000000059e-02,9.213727800000000023e-01,8.208651319999999973e-01,3.284755599999999998e-01,4.325841000000000408e-03,1.995440700000000039e-02,6.930363999999999622e-03,2.016020200000000206e-02,1.097992599999999958e-01,7.271038239999999542e-01,7.397918549999999982e-01,9.664007230000000170e-01,5.363301820000000442e-01,6.259274479999999974e-01,7.028397100000000064e-01,3.096618850000000256e-01,1.662915099999999827e-02,7.194646439999999865e-01,4.635462770000000066e-01,8.887138329999999531e-01
1.933159069999999813e-01,9.763439099999999815e-01,6.210276819999999143e-01,3.353520549999999822e-01,7.093514880000000300e-01,7.007924509999999829e-01,3.204523360000000043e-01,5.000000000000000278e-02,7.027732000000000423e-02,1.000000000000000056e-01,9.685863100000000059e-02,9.234508609999999562e-01,8.108526520000000071e-01,3.320873129999999951e-01,4.325841000000000408e-03,1.995440700000000039e-02,6.930363999999999622e-03,2.791832699999999973e-02,1.308448219999999995e-01,7.240265699999999249e-01,7.397918549999999982e-01,9.664007230000000170e-01,5.363301820000000442e-01,6.259274479999999974e-01,7.028397100000000064e-01,3.096618850000000256e-01,1.662915099999999827e-02,7.194646439999999865e-01,4.635462770000000066e-01,8.887138329999999531e-01
1.865692639999999847e-01,9.584764639999999725e-01,5.948392499999999306e-01,3.348357270000000274e-01,7.123279260000000557e-01,7.007924509999999829e-01,3.204523360000000043e-01,5.000000000000000278e-02,7.027732000000000423e-02,1.000000000000000056e-01,9.685863100000000059e-02,9.220134759999999430e-01,8.302800410000000797e-01,3.224047190000000063e-01,4.325841000000000408e-03,1.995440700000000039e-02,6.930363999999999622e-03,1.517513900000000068e-02,1.237462200000000040e-01,7.320886930000000126e-01,7.397918549999999982e-01,9.664007230000000170e-01,5.363301820000000442e-01,6.259274479999999974e-01,7.028397100000000064e-01,3.096618850000000256e-01,1.662915099999999827e-02,7.194646439999999865e-01,4.635462770000000066e-01,8.887138329999999531e-01
1.847424139999999937e-01,9.610681239999999681e-01,6.115546049999999179e-01,3.280912340000000094e-01,7.217903860000000060e-01,7.007924509999999829e-01,3.204523360000000043e-01,5.000000000000000278e-02,7.027732000000000423e-02,1.000000000000000056e-01,9.685863100000000059e-02,9.430680149999999262e-01,8.155325440000000814e-01,3.346305099999999921e-01,4.325841000000000408e-03,1.995440700000000039e-02,6.930363999999999622e-03,2.438527400000000192e-02,1.193972989999999984e-01,7.495803269999999907e-01,7.397918549999999982e-01,9.664007230000000170e-01,5.363301820000000442e-01,6.259274479999999974e-01,7.028397100000000064e-01,3.096618850000000256e-01,1.662915099999999827e-02,7.194646439999999865e-01,4.635462770000000066e-01,8.887138329999999531e-01
1.890108939999999849e-01,9.762023840000000341e-01,5.980880650000000021e-01,3.266666599999999976e-01,7.225679879999999944e-01,7.007924509999999829e-01,3.204523360000000043e-01,5.000000000000000278e-02,7.027732000000000423e-02,1.000000000000000056e-01,9.685863100000000059e-02,9.389830630000000067e-01,8.129114560000000322e-01,3.281398249999999961e-01,4.325841000000000408e-03,1.995440700000000039e-02,6.930363999999999622e-03,2.756004899999999966e-02,1.062611739999999999e-01,7.406993459999999807e-01,7.397918549999999982e-01,9.664007230000000170e-01,5.363301820000000442e-01,6.259274479999999974e-01,7.028397100000000064e-01,3.096618850000000256e-01,1.662915099999999827e-02,7.194646439999999865e-01,4.635462770000000066e-01,8.887138329999999531e-01
1.778505539999999940e-01,9.740471630000000491e-01,6.171963339999999576e-01,3.289392429999999923e-01,7.243812050000000280e-01,7.007924509999999829e-01,3.204523360000000043e-01,5.000000000000000278e-02,7.027732000000000423e-02,1.000000000000000056e-01,9.685863100000000059e-02,9.186929449999999830e-01,8.138795850000000165e-01,3.280131139999999945e-01,4.325841000000000408e-03,1.995440700000000039e-02,6.930363999999999622e-03,1.222156299999999779e-02,1.266999219999999926e-01,7.295418169999999813e-01,7.397918549999999982e-01,9.664007230000000170e-01,5.363301820000000442e-01,6.259274479999999974e-01,7.028397100000000064e-01,3.096618850000000256e-01,1.662915099999999827e-02,7.194646439999999865e-01,4.635462770000000066e-01,8.887138329999999531e-01
1.824578349999999849e-01,9.546980050000000162e-01,6.077293999999999752e-01,3.132791100000000273e-01,7.222046780000000998e-01,7.007924509999999829e-01,3.204523360000000043e-01,5.000000000000000278e-02,7.027732000000000423e-02,1.000000000000000056e-01,9.685863100000000059e-02,9.372282569999998980e-01,8.169500990000000407e-01,3.368412239999999946e-01,4.325841000000000408e-03,1.995440700000000039e-02,6.930363999999999622e-03,8.685058000000002443e-03,1.172859400000000052e-01,7.458605579999999513e-01,7.397918549999999982e-01,9.664007230000000170e-01,5.363301820000000442e-01,6.259274479999999974e-01,7.028397100000000064e-01,3.096618850000000256e-01,1.662915099999999827e-02,7.194646439999999865e-01,4.635462770000000066e-01,8.887138329999999531e-01
1.964117529999999945e-01,9.514522340000000078e-01,6.188425859999999723e-01,3.198707530000000077e-01,7.370258170000000275e-01,7.007924509999999829e-01,3.204523360000000043e-01,5.000000000000000278e-02,7.027732000000000423e-02,1.000000000000000056e-01,9.685863100000000059e-02,9.230672449999999252e-01,8.317423760000000055e-01,3.277199940000000145e-01,4.325841000000000408e-03,1.995440700000000039e-02,6.930363999999999622e-03,2.038280400000000089e-02,1.209618169999999993e-01,7.369816209999999757e-01,7.397918549999999982e-01,9.664007230000000170e-01,5.363301820000000442e-01,6.259274479999999974e-01,7.028397100000000064e-01,3.096618850000000256e-01,1.662915099999999827e-02,7.194646439999999865e-01,4.635462770000000066e-01,8.887138329999999531e-01
1.924610159999999848e-01,9.630666399999999738e-01,6.180214989999999187e-01,3.398985190000000101e-01,7.312296870000000171e-01,7.007924509999999829e-01,3.204523360000000043e-01,5.000000000000000278e-02,7.027732000000000423e-02,1.000000000000000056e-01,9.685863100000000059e-02,9.442055379999999554e-01,8.112281290000000755e-01,3.416996959999999972e-01,4.325841000000000408e-03,1.995440700000000039e-02,6.930363999999999622e-03,7.356606000000001644e-03,1.190714209999999967e-01,7.304553499999999477e-01,7.397918549999999982e-01,9.664007230000000170e-01,5.363301820000000442e-01,6.259274479999999974e-01,7.028397100000000064e-01,3.096618850000000256e-01,1.662915099999999827e-02,7.194646439999999865e-01,4.635462770000000066e-01,8.887138329999999531e-01
1.823671979999999804e-01,9.707277640000000485e-01,6.114991810000000028e-01,3.221822410000000358e-01,7.117848840000000621e-01,7.007924509999999829e-01,3.204523360000000043e-01,5.000000000000000278e-02,7.027732000000000423e-02,1.000000000000000056e-01,9.685863100000000059e-02,9.377728189999999797e-01,8.324578260000000673e-01,3.483721780000000323e-01,4.325841000000000408e-03,1.995440700000000039e-02,6.930363999999999622e-03,9.798051000000002064e-03,1.245433170000000006e-01,7.346668429999999583e-01,7.397918549999999982e-01,9.664007230000000170e-01,5.363301820000000442e-01,6.259274479999999974e-01,7.028397100000000064e-01,3.096618850000000256e-01,1.662915099999999827e-02,7.194646439999999865e-01,4.635462770000000066e-01,8.887138329999999531e-01
1.995145939999999896e-01,9.693730010000000119e-01,6.164401389999999425e-01,3.236820530000000251e-01,7.361278400000000888e-01,7.007924509999999829e-01,3.204523360000000043e-01,5.000000000000000278e-02,7.027732000000000423e-02,1.000000000000000056e-01,9.685863100000000059e-02,9.421508349999999643e-01,8.127037190000000466e-01,3.317066690000000095e-01,4.325841000000000408e-03,1.995440700000000039e-02,6.930363999999999622e-03,1.054385000000000044e-02,1.154619590000000029e-01,7.308684549999999724e-01,7.397918549999999982e-01,9.664007230000000170e-01,5.363301820000000442e-01,6.259274479999999974e-01,7.028397100000000064e-01,3.096618850000000256e-01,1.662915099999999827e-02,7.194646439999999865e-01,4.635462770000000066e-01,8.887138329999999531e-01
1.744638319999999854e-01,9.690425409999999795e-01,5.930631020000000087e-01,3.198252420000000096e-01,7.352021000000000805e-01,7.007924509999999829e-01,3.204523360000000043e-01,5.000000000000000278e-02,7.027732000000000423e-02,1.000000000000000056e-01,9.685863100000000059e-02,9.416992829999999426e-01,8.043029919999999944e-01,3.359592880000000226e-01,4.325841000000000408e-03,1.995440700000000039e-02,6.930363999999999622e-03,1.420255100000000076e-02,1.342963580000000046e-01,7.275138580000000132e-01,7.397918549999999982e-01,9.664007230000000170e-01,5.363301820000000442e-01,6.259274479999999974e-01,7.028397100000000064e-01,3.096618850000000256e-01,1.662915099999999827e-02,7.194646439999999865e-01,4.635462770000000066e-01,8.887138329999999531e-01
1.913756469999999821e-01,9.664736630000000384e-01,5.960075069999999364e-01,3.387235419999999886e-01,7.143118260000000941e-01,7.007924509999999829e-01,3.204523360000000043e-01,5.000000000000000278e-02,7.027732000000000423e-02,1.000000000000000056e-01,9.685863100000000059e-02,9.259441939999999427e-01,8.294101870000000210e-01,3.312641720000000234e-01,4.325841000000000408e-03,1.995440700000000039e-02,6.930363999999999622e-03,2.325144500000000253e-02,1.348440989999999950e-01,7.466748439999999487e-01,7.397918549999999982e-01,9.664007230000000170e-01,5.363301820000000442e-01,6.259274479999999974e-01,7.028397100000000064e-01,3.096618850000000256e-01,1.662915099999999827e-02,7.194646439999999865e-01,4.635462770000000066e-01,8.887138329999999531e-01
1.746654899999999788e-01,9.572821710000000150e-01,6.027513729999999237e-01,3.147486010000000167e-01,7.182041050000000926e-01,7.007924509999999829e-01,3.204523360000000043e-01,5.000000000000000278e-02,7.027732000000000423e-02,1.000000000000000056e-01,9.685863100000000059e-02,9.403591829999999874e-01,8.306849130000000248e-01,3.479006350000000136e-01,4.325841000000000408e-03,1.995440700000000039e-02,6.930363999999999622e-03,2.179993000000000208e-02,1.176403970000000077e-01,7.357295050000000058e-01,7.397918549999999982e-01,9.664007230000000170e-01,5.363301820000000442e-01,6.259274479999999974e-01,7.028397100000000064e-01,3.096618850000000256e-01,1.662915099999999827e-02,7.194646439999999865e-01,4.635462770000000066e-01,8.887138329999999531e-01
1.928897589999999940e-01,9.672563389999999650e-01,6.195120829999999357e-01,3.154854679999999911e-01,7.157972200000000118e-01,7.007924509999999829e-01,3.204523360000000043e-01,5.000000000000000278e-02,7.027732000000000423e-02,1.000000000000000056e-01,9.685863100000000059e-02,9.443111299999999986e-01,8.256063660000000359e-01,3.377009340000000082e-01,4.325841000000000408e-03,1.995440700000000039e-02,6.930363999999999622e-03,3.176459699999999858e-02,1.134764320000000021e-01,7.493185669999999909e-01,7.397918549999999982e-01,9.664007230000000170e-01,5.363301820000000442e-01,6.259274479999999974e-01,7.028397100000000064e-01,3.096618850000000256e-01,1.662915099999999827e-02,7.194646439999999865e-01,4.635462770000000066e-01,8.887138329999999531e-01
2.012015239999999927e-01,9.637519860000000049e-01,6.063025909999999463e-01,3.139053580000000232e-01,7.100194420000000006e-01,7.007924509999999829e-01,3.204523360000000043e-01,5.000000000000000278e-02,7.027732000000000423e-02,1.000000000000000056e-01,9.685863100000000059e-02,9.230442329999999362e-01,8.148266339999999941e-01,3.212754220000000327e-01,4.325841000000000408e-03,1.995440700000000039e-02,6.930363999999999622e-03,2.692896600000000210e-02,1.205550330000000059e-01,7.482126329999999603e-01,7.397918549999999982e-01,9.664007230000000170e-01,5.363301820000000442e-01,6.259274479999999974e-01,7.028397100000000064e-01,3.096618850000000256e-01,1.662915099999999827e-02,7.194646439999999865e-01,4.635462770000000066e-01,8.887138329999999531e-01
1.761616599999999977e-01,9.479211050000000416e-01,6.178894529999999774e-01,3.239962539999999835e-01,7.313964960000000071e-01,7.007924509999999829e-01,3.204523360000000043e-01,5.000000000000000278e-02,7.027732000000000423e-02,1.000000000000000056e-01,9.685863100000000059e-02,9.236485829999999675e-01,8.063503760000000353e-01,3.338101170000000173e-01,4.325841000000000408e-03,1.995440700000000039e-02,6.930363999999999622e-03,2.520032200000000069e-02,1.351579089999999927e-01,7.374433579999999377e-01,7.397918549999999982e-01,9.664007230000000170e-01,5.363301820000000442e-01,6.259274479999999974e-01,7.028397100000000064e-01,3.096618850000000256e-01,1.662915099999999827e-02,7.194646439999999865e-01,4.635462770000000066e-01,8.887138329999999531e-01
2.015319150000000059e-01,9.487588310000000247e-01,6.169423869999999255e-01,3.170091170000000069e-01,7.358062830000000609e-01,7.007924509999999829e-01,3.204523360000000043e-01,5.000000000000000278e-02,7.027732000000000423e-02,1.000000000000000056e-01,9.685863100000000059e-02,9.192781539999999030e-01,8.205875260000000671e-01,3.212389039999999918e-01,4.325841000000000408e-03,1.995440700000000039e-02,6.930363999999999622e-03,3.367886999999999964e-02,1.254102320000000104e-01,7.468362469999999531e-01,7.397918549999999982e-01,9.664007230000000170e-01,5.363301820000000442e-01,6.259274479999999974e-01,7.028397100000000064e-01,3.096618850000000256e-01,1.662915099999999827e-02,7.194646439999999865e-01,4.635462770000000066e-01,8.887138329999999531e-01
1.998341829999999986e-01,9.596186610000000394e-01,6.013996849999999617e-01,3.289860480000000309e-01,7.093739340000000393e-01,7.007924509999999829e-01,3.204523360000000043e-01,5.000000000000000278e-02,7.027732000000000423e-02,1.000000000000000056e-01,9.685863100000000059e-02,9.365251199999999887e-01,8.156852680000000744e-01,3.408278770000000013e-01,4.325841000000000408e-03,1.995440700000000039e-02,6.930363999999999622e-03,3.017940900000000079e-02,1.128890150000000092e-01,7.328629399999999627e-01,7.397918549999999982e-01,9.664007230000000170e-01,5.363301820000000442e-01,6.259274479999999974e-01,7.028397100000000064e-01,3.096618850000000256e-01,1.662915099999999827e-02,7.194646439999999865e-01,4.635462770000000066e-01,8.887138329999999531e-01
1.859142859999999842e-01,9.715557919999999736e-01,6.133316799999999347e-01,3.235879190000000016e-01,7.267784409999999973e-01,7.007924509999999829e-01,3.204523360000000043e-01,5.000000000000000278e-02,7.027732000000000423e-02,1.000000000000000056e-01,9.685863100000000059e-02,9.166379139999999426e-01,8.092398030000000908e-01,3.393746699999999894e-01,4.325841000000000408e-03,1.995440700000000039e-02,6.930363999999999622e-03,2.969642800000000041e-02,1.311650890000000125e-01,7.252839309999999928e-01,7.397918549999999982e-01,9.664007230000000170e-01,5.363301820000000442e-01,6.259274479999999974e-01,7.028397100000000064e-01,3.096618850000000256e-01,1.662915099999999827e-02,7.194646439999999865e-01,4.635462770000000066e-01,8.887138329999999531e-01
1.874533190000000071e-01,9.596555820000000070e-01,6.085121659999999100e-01,3.231793079999999985e-01,7.287564560000000524e-01,7.007924509999999829e-01,3.204523360000000043e-01,5.000000000000000278e-02,7.027732000000000423e-02,1.000000000000000056e-01,9.685863100000000059e-02,9.284459829999999192e-01,8.211922140000000869e-01,3.192401430000000317e-01,4.325841000000000408e-03,1.995440700000000039e-02,6.930363999999999622e-03,6.124731000000001313e-03,1.091545200000000049e-01,7.382831639999999362e-01,7.397918549999999982e-01,9.664007230000000170e-01,5.363301820000000442e-01,6.259274479999999974e-01,7.028397100000000064e-01,3.096618850000000256e-01,1.662915099999999827e-02,7.194646439999999865e-01,4.635462770000000066e-01,8.887138329999999531e-01
1.934352939999999799e-01,9.507325300000000201e-01,5.999072099999999130e-01,3.327981200000000306e-01,7.270437970000001027e-01,7.007924509999999829e-01,3.204523360000000043e-01,5.000000000000000278e-02,7.027732000000000423e-02,1.000000000000000056e-01,9.685863100000000059e-02,9.416245179999999104e-01,8.120419410000000449e-01,3.302471790000000018e-01,4.325841000000000408e-03,1.995440700000000039e-02,6.930363999999999622e-03,2.824422700000000022e-02,1.151838639999999969e-01,7.306114529999999663e-01,7.397918549999999982e-01,9.664007230000000170e-01,5.363301820000000442e-01,6.259274479999999974e-01,7.028397100000000064e-01,3.096618850000000256e-01,1.662915099999999827e-02,7.194646439999999865e-01,4.635462770000000066e-01,8.887138329999999531e-01
1.904151070000000001e-01,9.731556709999999999e-01,6.012130139999999345e-01,3.421777409999999797e-01,7.327933610000000320e-01,7.007924509999999829e-01,3.204523360000000043e-01,5.000000000000000278e-02,7.027732000000000423e-02,1.000000000000000056e-01,9.685863100000000059e-02,9.253701059999999146e-01,8.270380900000000590e-01,3.418275430000000115e-01,4.325841000000000408e-03,1.995440700000000039e-02,6.930363999999999622e-03,1.197221400000000185e-02,1.111261510000000063e-01,7.417468910000000193e-01,7.397918549999999982e-01,9.664007230000000170e-01,5.363301820000000442e-01,6.259274479999999974e-01,7.028397100000000064e-01,3.096618850000000256e-01,1.662915099999999827e-02,7.194646439999999865e-01,4.635462770000000066e-01,8.887138329999999531e-01
1.984298099999999843e-01,9.700348439999999517e-01,6.102211690000000077e-01,3.320905809999999958e-01,7.155033379999999887e-01,7.007924509999999829e-01,3.204523360000000043e-01,5.000000000000000278e-02,7.027732000000000423e-02,1.000000000000000056e-01,9.685863100000000059e-02,9.299921809999999178e-01,8.322755710000000473e-01,3.432452350000000374e-01,4.325841000000000408e-03,1.995440700000000039e-02,6.930363999999999622e-03,2.626044500000000032e-02,1.108410099999999898e-01,7.479551030000000100e-01,7.397918549999999982e-01,9.664007230000000170e-01,5.363301820000000442e-01,6.259274479999999974e-01,7.028397100000000064e-01,3.096618850000000256e-01,1.662915099999999827e-02,7.194646439999999865e-01,4.635462770000000066e-01,8.887138329999999531e-01
1.915336460000000018e-01,9.561639039999999534e-01,5.969555039999999702e-01,3.425046250000000070e-01,7.221053680000000252e-01,7.007924509999999829e-01,3.204523360000000043e-01,5.000000000000000278e-02,7.027732000000000423e-02,1.000000000000000056e-01,9.685863100000000059e-02,9.239927609999999403e-01,8.150216920000000753e-01,3.228894800000000065e-01,4.325841000000000408e-03,1.995440700000000039e-02,6.930363999999999622e-03,4.611400000000001609e-03,1.153481259999999953e-01,7.278200209999999837e-01,7.397918549999999982e-01,9.664007230000000170e-01,5.363301820000000442e-01,6.259274479999999974e-01,7.028397100000000064e-01,3.096618850000000256e-01,1.662915099999999827e-02,7.194646439999999865e-01,4.635462770000000066e-01,8.887138329999999531e-01
1.880717729999999976e-01,9.724399329999999786e-01,6.068351999999999080e-01,3.276502179999999931e-01,7.114283410000000751e-01,7.007924509999999829e-01,3.204523360000000043e-01,5.000000000000000278e-02,7.027732000000000423e-02,1.000000000000000056e-01,9.685863100000000059e-02,9.210315399999999819e-01,8.069899360000000188e-01,3.201562540000000290e-01,4.325841000000000408e-03,1.995440700000000039e-02,6.930363999999999622e-03,2.953444100000000155e-02,1.262639389999999917e-01,7.258973969999999998e-01,7.397918549999999982e-01,9.664007230000000170e-01,5.363301820000000442e-01,6.259274479999999974e-01,7.028397100000000064e-01,3.096618850000000256e-01,1.662915099999999827e-02,7.194646439999999865e-01,4.635462770000000066e-01,8.887138329999999531e-01
2.010635899999999865e-01,9.703060589999999985e-01,6.214611359999999696e-01,3.374838290000000129e-01,7.201352560000000569e-01,7.007924509999999829e-01,3.204523360000000043e-01,5.000000000000000278e-02,7.027732000000000423e-02,1.000000000000000056e-01,9.685863100000000059e-02,9.450702500000000006e-01,8.245924600000000826e-01,3.265187950000000283e-01,4.325841000000000408e-03,1.995440700000000039e-02,6.930363999999999622e-03,1.569794900000000271e-02,1.116610299999999945e-01,7.426878359999999901e-01,7.397918549999999982e-01,9.664007230000000170e-01,5.363301820000000442e-01,6.259274479999999974e-01,7.028397100000000064e-01,3.096618850000000256e-01,1.662915099999999827e-02,7.194646439999999865e-01,4.635462770000000066e-01,8.887138329999999531e-01
1.816125889999999909e-01,9.762807789999999875e-01,6.074577539999999054e-01,3.348703989999999853e-01,7.238664120000000146e-01,7.007924509999999829e-01,3.204523360000000043e-01,5.000000000000000278e-02,7.027732000000000423e-02,1.000000000000000056e-01,9.685863100000000059e-02,9.203972809999999560e-01,8.311838810000000688e-01,3.225646850000000176e-01,4.325841000000000408e-03,1.995440700000000039e-02,6.930363999999999622e-03,2.776668600000000223e-02,1.214157869999999972e-01,7.486123329999999632e-01,7.397918549999999982e-01,9.664007230000000170e-01,5.363301820000000442e-01,6.259274479999999974e-01,7.028397100000000064e-01,3.096618850000000256e-01,1.662915099999999827e-02,7.194646439999999865e-01,4.635462770000000066e-01,8.887138329999999531e-01
1.783115639999999780e-01,9.692489610000000200e-01,6.092544359999999548e-01,3.378382300000000171e-01,7.293172680000000740e-01,7.007924509999999829e-01,3.204523360000000043e-01,5.000000000000000278e-02,7.027732000000000423e-02,1.000000000000000056e-01,9.685863100000000059e-02,9.338922749999999384e-01,8.235718750000000643e-01,3.447937890000000172e-01,4.325841000000000408e-03,1.995440700000000039e-02,6.930363999999999622e-03,6.472999000000000114e-03,1.186149549999999941e-01,7.460906269999999507e-01,7.397918549999999982e-01,9.664007230000000170e-01,5.363301820000000442e-01,6.259274479999999974e-01,7.028397100000000064e-01,3.096618850000000256e-01,1.662915099999999827e-02,7.194646439999999865e-01,4.635462770000000066e-01,8.887138329999999531e-01
1.916886819999999991e-01,9.501476690000000280e-01,6.141760069999999683e-01,3.312013040000000297e-01,7.211742100000000377e-01,7.007924509999999829e-01,3.204523360000000043e-01,5.000000000000000278e-02,7.027732000000000423e-02,1.000000000000000056e-01,9.685863100000000059e-02,9.342081429999999909e-01,8.085146780000000977e-01,3.434133790000000186e-01,4.325841000000000408e-03,1.995440700000000039e-02,6.930363999999999622e-03,7.978551000000000393e-03,1.307686389999999921e-01,7.303292230000000274e-01,7.397918549999999982e-01,9.664007230000000170e-01,5.363301820000000442e-01,6.259274479999999974e-01,7.028397100000000064e-01,3.096618850000000256e-01,1.662915099999999827e-02,7.194646439999999865e-01,4.635462770000000066e-01,8.887138329999999531e-01
1.967478049999999978e-01,9.668760650000000068e-01,5.943680399999999864e-01,3.155666189999999927e-01,7.173614700000000566e-01,7.007924509999999829e-01,3.204523360000000043e-01,5.000000000000000278e-02,7.027732000000000423e-02,1.000000000000000056e-01,9.685863100000000059e-02,9.305681979999999021e-01,8.144385809999999948e-01,3.250116050000000367e-01,4.325841000000000408e-03,1.995440700000000039e-02,6.930363999999999622e-03,2.161483100000000102e-02,1.340841720000000015e-01,7.314496879999999868e-01,7.397918549999999982e-01,9.664007230000000170e-01,5.363301820000000442e-01,6.259274479999999974e-01,7.028397100000000064e-01,3.096618850000000256e-01,1.662915099999999827e-02,7.194646439999999865e-01,4.635462770000000066e-01,8.887138329999999531e-01
1.953765590000000052e-01,9.504475369999999534e-01,6.035085399999999822e-01,3.239087999999999967e-01,7.296269220000000111e-01,7.007924509999999829e-01,3.204523360000000043e-01,5.000000000000000278e-02,7.027732000000000423e-02,1.000000000000000056e-01,9.685863100000000059e-02,9.390854359999999401e-01,8.075712020000000990e-01,3.322009280000000064e-01,4.325841000000000408e-03,1.995440700000000039e-02,6.930363999999999622e-03,3.049833000000000058e-02,1.270613929999999947e-01,7.236956380000000300e-01,7.397918549999999982e-01,9.664007230000000170e-01,5.363301820000000442e-01,6.259274479999999974e-01,7.028397100000000064e-01,3.096618850000000256e-01,1.662915099999999827e-02,7.194646439999999865e-01,4.635462770000000066e-01,8.887138329999999531e-01
1.759674330000000064e-01,9.508002519999999569e-01,6.109032169999999429e-01,3.259345860000000261e-01,7.105193690000000117e-01,7.007924509999999829e-01,3.204523360000000043e-01,5.000000000000000278e-02,7.027732000000000423e-02,1.000000000000000056e-01,9.685863100000000059e-02,9.259209789999999218e-01,8.038009600000000088e-01,3.304075040000000185e-01,4.325841000000000408e-03,1.995440700000000039e-02,6.930363999999999622e-03,2.997082900000000091e-02,1.139181840000000057e-01,7.326826279999999469e-01,7.397918549999999982e-01,9.664007230000000170e-01,5.363301820000000442e-01,6.259274479999999974e-01,7.028397100000000064e-01,3.096618850000000256e-01,1.662915099999999827e-02,7.194646439999999865e-01,4.635462770000000066e-01,8.887138329999999531e-01
1.736180359999999756e-01,9.617313199999999451e-01,6.143509289999999901e-01,3.329936580000000257e-01,7.112475860000000427e-01,7.007924509999999829e-01,3.204523360000000043e-01,5.000000000000000278e-02,7.027732000000000423e-02,1.000000000000000056e-01,9.685863100000000059e-02,9.448144979999999471e-01,8.151748779999999917e-01,3.365811760000000374e-01,4.325841000000000408e-03,1.995440700000000039e-02,6.930363999999999622e-03,1.874492600000000203e-02,1.136260659999999978e-01,7.419581060000000061e-01,7.397918549999999982e-01,9.664007230000000170e-01,5.363301820000000442e-01,6.259274479999999974e-01,7.028397100000000064e-01,3.096618850000000256e-01,1.662915099999999827e-02,7.194646439999999865e-01,4.635462770000000066e-01,8.887138329999999531e-01
1.857683370000000056e-01,9.751092949999999870e-01,6.113287579999999721e-01,3.128497430000000135e-01,7.234813970000000261e-01,7.007924509999999829e-01,3.204523360000000043e-01,5.000000000000000278e-02,7.027732000000000423e-02,1.000000000000000056e-01,9.685863100000000059e-02,9.313479269999999088e-01,8.321163110000000529e-01,3.247235680000000180e-01,4.325841000000000408e-03,1.995440700000000039e-02,6.930363999999999622e-03,1.397098600000000121e-02,1.306124499999999911e-01,7.440488359999999357e-01,7.397918549999999982e-01,9.664007230000000170e-01,5.363301820000000442e-01,6.259274479999999974e-01,7.028397100000000064e-01,3.096618850000000256e-01,1.662915099999999827e-02,7.194646439999999865e-01,4.635462770000000066e-01,8.887138329999999531e-01
1.911421359999999903e-01,9.513567600000000235e-01,6.104188139999999763e-01,3.248203370000000145e-01,7.325694460000000685e-01,7.007924509999999829e-01,3.204523360000000043e-01,5.000000000000000278e-02,7.027732000000000423e-02,1.000000000000000056e-01,9.685863100000000059e-02,9.179102059999999508e-01,8.248455050000000899e-01,3.293384300000000153e-01,4.325841000000000408e-03,1.995440700000000039e-02,6.930363999999999622e-03,3.306503599999999904e-02,1.147682579999999980e-01,7.329199370000000213e-01,7.397918549999999982e-01,9.664007230000000170e-01,5.363301820000000442e-01,6.259274479999999974e-01,7.028397100000000064e-01,3.096618850000000256e-01,1.662915099999999827e-02,7.194646439999999865e-01,4.635462770000000066e-01,8.887138329999999531e-01
1.906364649999999772e-01,9.629902569999999606e-01,5.986016869999999379e-01,3.332753870000000340e-01,7.334829670000000412e-01,7.007924509999999829e-01,3.204523360000000043e-01,5.000000000000000278e-02,7.027732000000000423e-02,1.000000000000000056e-01,9.685863100000000059e-02,9.315662699999999186e-01,8.287407200000000973e-01,3.248129660000000363e-01,4.325841000000000408e-03,1.995440700000000039e-02,6.930363999999999622e-03,3.099710900000000185e-02,1.208830619999999995e-01,7.319703109999999846e-01,7.397918549999999982e-01,9.664007230000000170e-01,5.363301820000000442e-01,6.259274479999999974e-01,7.028397100000000064e-01,3.096618850000000256e-01,1.662915099999999827e-02,7.194646439999999865e-01,4.635462770000000066e-01,8.887138329999999531e-01
1.775860029999999923e-01,9.590973779999999449e-01,6.029920059999999138e-01,3.232416350000000271e-01,7.308958790000000816e-01,7.007924509999999829e-01,3.204523360000000043e-01,5.000000000000000278e-02,7.027732000000000423e-02,1.000000000000000056e-01,9.685863100000000059e-02,9.311965559999999531e-01,8.146576950000000705e-01,3.347182050000000464e-01,4.325841000000000408e-03,1.995440700000000039e-02,6.930363999999999622e-03,3.276066999999999868e-02,1.084283179999999958e-01,7.279773910000000292e-01,7.397918549999999982e-01,9.664007230000000170e-01,5.363301820000000442e-01,6.259274479999999974e-01,7.028397100000000064e-01,3.096618850000000256e-01,1.662915099999999827e-02,7.194646439999999865e-01,4.635462770000000066e-01,8.887138329999999531e-01
1.907980559999999937e-01,9.771348079999999658e-01,6.032098229999999228e-01,3.272460229999999970e-01,7.357010999999999967e-01,7.007924509999999829e-01,3.204523360000000043e-01,5.000000000000000278e-02,7.027732000000000423e-02,1.000000000000000056e-01,9.685863100000000059e-02,9.336086689999999466e-01,8.123714630000000714e-01,3.462285059999999914e-01,4.325841000000000408e-03,1.995440700000000039e-02,6.930363999999999622e-03,1.501436800000000016e-02,1.212555659999999952e-01,7.407737810000000200e-01,7.397918549999999982e-01,9.664007230000000170e-01,5.363301820000000442e-01,6.259274479999999974e-01,7.028397100000000064e-01,3.096618850000000256e-01,1.662915099999999827e-02,7.194646439999999865e-01,4.635462770000000066e-01,8.887138329999999531e-01
1.742887739999999797e-01,9.608072890000000088e-01,6.215727489999999245e-01,3.163066250000000079e-01,7.106706360000000222e-01,7.007924509999999829e-01,3.204523360000000043e-01,5.000000000000000278e-02,7.027732000000000423e-02,1.000000000000000056e-01,9.685863100000000059e-02,9.455384329999999560e-01,8.048357430000000479e-01,3.414063820000000082e-01,4.325841000000000408e-03,1.995440700000000039e-02,6.930363999999999622e-03,1.711502000000000162e-02,1.065943899999999972e-01,7.500291479999999789e-01,7.397918549999999982e-01,9.664007230000000170e-01,5.363301820000000442e-01,6.259274479999999974e-01,7.028397100000000064e-01,3.096618850000000256e-01,1.662915099999999827e-02,7.194646439999999865e-01,4.635462770000000066e-01,8.887138329999999531e-01
1.738189219999999868e-01,9.769669730000000163e-01,6.203545789999999061e-01,3.367583940000000164e-01,7.285832280000000827e-01,7.007924509999999829e-01,3.204523360000000043e-01,5.000000000000000278e-02,7.027732000000000423e-02,1.000000000000000056e-01,9.685863100000000059e-02,9.217736559999999413e-01,8.224451369999999928e-01,3.233826230000000357e-01,4.325841000000000408e-03,1.995440700000000039e-02,6.930363999999999622e-03,1.706028100000000006e-02,1.257090399999999941e-01,7.528715209999999880e-01,7.397918549999999982e-01,9.664007230000000170e-01,5.363301820000000442e-01,6.259274479999999974e-01,7.028397100000000064e-01,3.096618850000000256e-01,1.662915099999999827e-02,7.194646439999999865e-01,4.635462770000000066e-01,8.887138329999999531e-01
1.950553790000000010e-01,9.571788089999999638e-01,5.979881919999999740e-01,3.386484270000000296e-01,7.290841140000000609e-01,7.007924509999999829e-01,3.204523360000000043e-01,5.000000000000000278e-02,7.027732000000000423e-02,1.000000000000000056e-01,9.685863100000000059e-02,9.433254239999999680e-01,8.081808230000000481e-01,3.215113729999999892e-01,4.325841000000000408e-03,1.995440700000000039e-02,6.930363999999999622e-03,6.591630000000001099e-03,1.146754249999999975e-01,7.354174399999999778e-01,7.397918549999999982e-01,9.664007230000000170e-01,5.363301820000000442e-01,6.259274479999999974e-01,7.028397100000000064e-01,3.096618850000000256e-01,1.662915099999999827e-02,7.194646439999999865e-01,4.635462770000000066e-01,8.887138329999999531e-01
1.898204159999999918e-01,9.553151829999999567e-01,5.970315259999999791e-01,3.411588389999999915e-01,7.262208090000000782e-01,7.007924509999999829e-01,3.204523360000000043e-01,5.000000000000000278e-02,7.027732000000000423e-02,1.000000000000000056e-01,9.685863100000000059e-02,9.304472639999999961e-01,8.300223760000000617e-01,3.363788290000000458e-01,4.325841000000000408e-03,1.995440700000000039e-02,6.930363999999999622e-03,1.689504500000000090e-02,1.274391310000000110e-01,7.380802829999999481e-01,7.397918549999999982e-01,9.664007230000000170e-01,5.363301820000000442e-01,6.259274479999999974e-01,7.028397100000000064e-01,3.096618850000000256e-01,1.662915099999999827e-02,7.194646439999999865e-01,4.635462770000000066e-01,8.887138329999999531e-01
1.814928839999999932e-01,9.699218670000000486e-01,6.072869009999999346e-01,3.323974729999999989e-01,7.297883410000000071e-01,7.007924509999999829e-01,3.204523360000000043e-01,5.000000000000000278e-02,7.027732000000000423e-02,1.000000000000000056e-01,9.685863100000000059e-02,9.409159939999999223e-01,8.222101729999999886e-01,3.464920160000000138e-01,4.325841000000000408e-03,1.995440700000000039e-02,6.930363999999999622e-03,1.153317499999999968e-02,1.225617140000000022e-01,7.440927389999999475e-01,7.397918549999999982e-01,9.664007230000000170e-01,5.363301820000000442e-01,6.259274479999999974e-01,7.028397100000000064e-01,3.096618850000000256e-01,1.662915099999999827e-02,7.194646439999999865e-01,4.635462770000000066e-01,8.887138329999999531e-01
2.005098699999999790e-01,9.538864369999999759e-01,6.083450769999999563e-01,3.338390620000000197e-01,7.249584760000000738e-01,7.007924509999999829e-01,3.204523360000000043e-01,5.000000000000000278e-02,7.027732000000000423e-02,1.000000000000000056e-01,9.685863100000000059e-02,9.409659639999999881e-01,8.041758870000000892e-01,3.477929730000000053e-01,4.325841000000000408e-03,1.995440700000000039e-02,6.930363999999999622e-03,1.919584600000000252e-02,1.354098069999999931e-01,7.256069769999999863e-01,7.397918549999999982e-01,9.664007230000000170e-01,5.363301820000000442e-01,6.259274479999999974e-01,7.028397100000000064e-01,3.096618850000000256e-01,1.662915099999999827e-02,7.194646439999999865e-01,4.635462770000000066e-01,8.887138329999999531e-01
1.975132769999999871e-01,9.649322430000000228e-01,6.070247269999999862e-01,3.415796910000000186e-01,7.089793390000000972e-01,7.007924509999999829e-01,3.204523360000000043e-01,5.000000000000000278e-02,7.027732000000000423e-02,1.000000000000000056e-01,9.685863100000000059e-02,9.376252529999999918e-01,8.193464540000000573e-01,3.373818500000000387e-01,4.325841000000000408e-03,1.995440700000000039e-02,6.930363999999999622e-03,7.125855999999999857e-03,1.238925989999999921e-01,7.353058179999999444e-01,7.397918549999999982e-01,9.664007230000000170e-01,5.363301820000000442e-01,6.259274479999999974e-01,7.028397100000000064e-01,3.096618850000000256e-01,1.662915099999999827e-02,7.194646439999999865e-01,4.635462770000000066e-01,8.887138329999999531e-01
1.870641949999999887e-01,9.587595669999999792e-01,6.221659170000000127e-01,3.255505949999999982e-01,7.085177750000000163e-01,7.007924509999999829e-01,3.204523360000000043e-01,5.000000000000000278e-02,7.027732000000000423e-02,1.000000000000000056e-01,9.685863100000000059e-02,9.398692199999999497e-01,8.137317910000000376e-01,3.354281370000000151e-01,4.325841000000000408e-03,1.995440700000000039e-02,6.930363999999999622e-03,2.230931400000000023e-02,1.335699340000000013e-01,7.531178969999999806e-01,7.397918549999999982e-01,9.664007230000000170e-01,5.363301820000000442e-01,6.259274479999999974e-01,7.028397100000000064e-01,3.096618850000000256e-01,1.662915099999999827e-02,7.194646439999999865e-01,4.635462770000000066e-01,8.887138329999999531e-01
1.992707850000000058e-01,9.613940709999999612e-01,6.034399549999999168e-01,3.335350860000000361e-01,7.306724110000000216e-01,7.007924509999999829e-01,3.204523360000000043e-01,5.000000000000000278e-02,7.027732000000000423e-02,1.000000000000000056e-01,9.685863100000000059e-02,9.316153549999999228e-01,8.045477020000000312e-01,3.199585149999999989e-01,4.325841000000000408e-03,1.995440700000000039e-02,6.930363999999999622e-03,3.303248300000000137e-02,1.243924130000000072e-01,7.526203879999999735e-01,7.397918549999999982e-01,9.664007230000000170e-01,5.363301820000000442e-01,6.259274479999999974e-01,7.028397100000000064e-01,3.096618850000000256e-01,1.662915099999999827e-02,7.194646439999999865e-01,4.635462770000000066e-01,8.887138329999999531e-01
1.899086690000000022e-01,9.511263309999999915e-01,5.996984859999999751e-01,3.220445700000000300e-01,7.291732570000000191e-01,7.007924509999999829e-01,3.204523360000000043e-01,5.000000000000000278e-02,7.027732000000000423e-02,1.000000000000000056e-01,9.685863100000000059e-02,9.206287890000000029e-01,8.245383350000000666e-01,3.439967389999999958e-01,4.325841000000000408e-03,1.995440700000000039e-02,6.930363999999999622e-03,2.023888500000000160e-02,1.229827799999999999e-01,7.360675239999999731e-01,7.397918549999999982e-01,9.664007230000000170e-01,5.363301820000000442e-01,6.259274479999999974e-01,7.028397100000000064e-01,3.096618850000000256e-01,1.662915099999999827e-02,7.194646439999999865e-01,4.635462770000000066e-01,8.887138329999999531e-01
1.868837829999999978e-01,9.669925440000000094e-01,6.119067579999999396e-01,3.402688260000000242e-01,7.147564990000000451e-01,7.007924509999999829e-01,3.204523360000000043e-01,5.000000000000000278e-02,7.027732000000000423e-02,1.000000000000000056e-01,9.685863100000000059e-02,9.378487639999999459e-01,8.322434490000000240e-01,3.470762350000000107e-01,4.325841000000000408e-03,1.995440700000000039e-02,6.930363999999999622e-03,1.274840500000000432e-02,1.294446079999999888e-01,7.433409739999999877e-01,7.397918549999999982e-01,9.664007230000000170e-01,5.363301820000000442e-01,6.259274479999999974e-01,7.028397100000000064e-01,3.096618850000000256e-01,1.662915099999999827e-02,7.194646439999999865e-01,4.635462770000000066e-01,8.887138329999999531e-01
1.977697569999999905e-01,9.673493699999999862e-01,6.148614739999999079e-01,3.128953309999999988e-01,7.095576910000001014e-01,7.007924509999999829e-01,3.204523360000000043e-01,5.000000000000000278e-02,7.027732000000000423e-02,1.000000000000000056e-01,9.685863100000000059e-02,9.185714219999999708e-01,8.104024480000000530e-01,3.196130090000000035e-01,4.325841000000000408e-03,1.995440700000000039e-02,6.930363999999999622e-03,1.248994900000000019e-02,1.261443210000000037e-01,7.435743430000000265e-01,7.397918549999999982e-01,9.664007230000000170e-01,5.363301820000000442e-01,6.259274479999999974e-01,7.028397100000000064e-01,3.096618850000000256e-01,1.662915099999999827e-02,7.194646439999999865e-01,4.635462770000000066e-01,8.887138329999999531e-01
1.798366799999999988e-01,9.506477890000000208e-01,6.167287469999999105e-01,3.398565170000000246e-01,7.178822200000000153e-01,7.007924509999999829e-01,3.204523360000000043e-01,5.000000000000000278e-02,7.027732000000000423e-02,1.000000000000000056e-01,9.685863100000000059e-02,9.240104169999999728e-01,8.157167260000000031e-01,3.468937980000000310e-01,4.325841000000000408e-03,1.995440700000000039e-02,6.930363999999999622e-03,3.139589200000000163e-02,1.068474889999999899e-01,7.354427049999999744e-01,7.397918549999999982e-01,9.664007230000000170e-01,5.363301820000000442e-01,6.259274479999999974e-01,7.028397100000000064e-01,3.096618850000000256e-01,1.662915099999999827e-02,7.194646439999999865e-01,4.635462770000000066e-01,8.887138329999999531e-01
1.773035219999999912e-01,9.733659970000000383e-01,5.929864779999999280e-01,3.408654500000000143e-01,7.319559610000000438e-01,7.007924509999999829e-01,3.204523360000000043e-01,5.000000000000000278e-02,7.027732000000000423e-02,1.000000000000000056e-01,9.685863100000000059e-02,9.308920049999999113e-01,8.185625170000000450e-01,3.428476169999999934e-01,4.325841000000000408e-03,1.995440700000000039e-02,6.930363999999999622e-03,1.131612099999999843e-02,1.267245760000000054e-01,7.476475639999999867e-01,7.397918549999999982e-01,9.664007230000000170e-01,5.363301820000000442e-01,6.259274479999999974e-01,7.028397100000000064e-01,3.096618850000000256e-01,1.662915099999999827e-02,7.194646439999999865e-01,4.635462770000000066e-01,8.887138329999999531e-01
1.941750939999999925e-01,9.684332469999999971e-01,5.928699549999999485e-01,3.182172970000000101e-01,7.228796280000000518e-01,7.007924509999999829e-01,3.204523360000000043e-01,5.000000000000000278e-02,7.027732000000000423e-02,1.000000000000000056e-01,9.685863100000000059e-02,9.402476810000000018e-01,8.067456840000000184e-01,3.358953400000000422e-01,4.325841000000000408e-03,1.995440700000000039e-02,6.930363999999999622e-03,3.343818900000000011e-02,1.359613759999999949e-01,7.413309989999999905e-01,7.397918549999999982e-01,9.664007230000000170e-01,5.363301820000000442e-01,6.259274479999999974e-01,7.028397100000000064e-01,3.096618850000000256e-01,1.662915099999999827e-02,7.194646439999999865e-01,4.635462770000000066e-01,8.887138329999999531e-01
2.014978269999999905e-01,9.754282069999999916e-01,6.006096709999999561e-01,3.166834230000000194e-01,7.299698260000000438e-01,7.007924509999999829e-01,3.204523360000000043e-01,5.000000000000000278e-02,7.027732000000000423e-02,1.000000000000000056e-01,9.685863100000000059e-02,9.395376709999999632e-01,8.139145680000000604e-01,3.372922060000000388e-01,4.325841000000000408e-03,1.995440700000000039e-02,6.930363999999999622e-03,1.725151899999999988e-02,1.278802019999999984e-01,7.292516849999999273e-01,7.397918549999999982e-01,9.664007230000000170e-01,5.363301820000000442e-01,6.259274479999999974e-01,7.028397100000000064e-01,3.096618850000000256e-01,1.662915099999999827e-02,7.194646439999999865e-01,4.635462770000000066e-01,8.887138329999999531e-01
1.748045380000000093e-01,9.662852880000000200e-01,6.174164269999999899e-01,3.210262409999999900e-01,7.148427810000000937e-01,7.007924509999999829e-01,3.204523360000000043e-01,5.000000000000000278e-02,7.027732000000000423e-02,1.000000000000000056e-01,9.685863100000000059e-02,9.343844029999999190e-01,8.032389250000000480e-01,3.442076410000000086e-01,4.325841000000000408e-03,1.995440700000000039e-02,6.930363999999999622e-03,2.315534500000000079e-02,1.179689989999999911e-01,7.449279679999999404e-01,7.397918549999999982e-01,9.664007230000000170e-01,5.363301820000000442e-01,6.259274479999999974e-01,7.028397100000000064e-01,3.096618850000000256e-01,1.662915099999999827e-02,7.194646439999999865e-01,4.635462770000000066e-01,8.887138329999999531e-01
1.855596870000000009e-01,9.569408990000000115e-01,6.091743809999999870e-01,3.195977620000000075e-01,7.162628610000000284e-01,7.007924509999999829e-01,3.204523360000000043e-01,5.000000000000000278e-02,7.027732000000000423e-02,1.000000000000000056e-01,9.685863100000000059e-02,9.233774219999999477e-01,8.269345090000000953e-01,3.439077090000000059e-01,4.325841000000000408e-03,1.995440700000000039e-02,6.930363999999999622e-03,1.405724000000000209e-02,1.161671890000000040e-01,7.429782389999999292e-01,7.397918549999999982e-01,9.664007230000000170e-01,5.363301820000000442e-01,6.259274479999999974e-01,7.028397100000000064e-01,3.096618850000000256e-01,1.662915099999999827e-02,7.194646439999999865e-01,4.635462770000000066e-01,8.887138329999999531e-01
2.027674309999999980e-01,9.646580620000000383e-01,6.178307329999999098e-01,3.394750200000000162e-01,7.080844270000000718e-01,7.007924509999999829e-01,3.204523360000000043e-01,5.000000000000000278e-02,7.027732000000000423e-02,1.000000000000000056e-01,9.685863100000000059e-02,9.356162769999999407e-01,8.062922040000000123e-01,3.450614280000000034e-01,4.325841000000000408e-03,1.995440700000000039e-02,6.930363999999999622e-03,1.020820700000000386e-02,1.250492320000000102e-01,7.515639359999999325e-01,7.397918549999999982e-01,9.664007230000000170e-01,5.363301820000000442e-01,6.259274479999999974e-01,7.028397100000000064e-01,3.096618850000000256e-01,1.662915099999999827e-02,7.194646439999999865e-01,4.635462770000000066e-01,8.887138329999999531e-01
1.893227019999999816e-01,9.519590100000000499e-01,5.994066279999999969e-01,3.165783349999999885e-01,7.289573129999999956e-01,7.007924509999999829e-01,3.204523360000000043e-01,5.000000000000000278e-02,7.027732000000000423e-02,1.000000000000000056e-01,9.685863100000000059e-02,9.405897949999999508e-01,8.060815290000000743e-01,3.217856139999999976e-01,4.325841000000000408e-03,1.995440700000000039e-02,6.930363999999999622e-03,1.850540600000000202e-02,1.277209699999999892e-01,7.410280040000000179e-01,7.397918549999999982e-01,9.664007230000000170e-01,5.363301820000000442e-01,6.259274479999999974e-01,7.028397100000000064e-01,3.096618850000000256e-01,1.662915099999999827e-02,7.194646439999999865e-01,4.635462770000000066e-01,8.887138329999999531e-01
1.900288609999999934e-01,9.490163619999999467e-01,6.045898009999999267e-01,3.357162840000000315e-01,7.331606660000000719e-01,7.007924509999999829e-01,3.204523360000000043e-01,5.000000000000000278e-02,7.027732000000000423e-02,1.000000000000000056e-01,9.685863100000000059e-02,9.369853669999999024e-01,8.207028410000000163e-01,3.459760870000000432e-01,4.325841000000000408e-03,1.995440700000000039e-02,6.930363999999999622e-03,3.339085900000000190e-02,1.279761289999999940e-01,7.448658320000000055e-01,7.397918549999999982e-01,9.664007230000000170e-01,5.363301820000000442e-01,6.259274479999999974e-01,7.028397100000000064e-01,3.096618850000000256e-01,1.662915099999999827e-02,7.194646439999999865e-01,4.635462770000000066e-01,8.887138329999999531e-01
1.776978559999999874e-01,9.563214169999999514e-01,6.024655959999999366e-01,3.168139549999999804e-01,7.086736380000000501e-01,7.007924509999999829e-01,3.204523360000000043e-01,5.000000000000000278e-02,7.027732000000000423e-02,1.000000000000000056e-01,9.685863100000000059e-02,9.462724519999999861e-01,8.165387299999999904e-01,3.484536480000000047e-01,4.325841000000000408e-03,1.995440700000000039e-02,6.930363999999999622e-03,1.457180400000000070e-02,1.136892379999999980e-01,7.444097769999999947e-01,7.397918549999999982e-01,9.664007230000000170e-01,5.363301820000000442e-01,6.259274479999999974e-01,7.028397100000000064e-01,3.096618850000000256e-01,1.662915099999999827e-02,7.194646439999999865e-01,4.635462770000000066e-01,8.887138329999999531e-01
1.970566380000000062e-01,9.602011080000000254e-01,6.065160349999999534e-01,3.272908930000000272e-01,7.318997390000000491e-01,7.007924509999999829e-01,3.204523360000000043e-01,5.000000000000000278e-02,7.027732000000000423e-02,1.000000000000000056e-01,9.685863100000000059e-02,9.430965779999999077e-01,8.230893310000000351e-01,3.390697129999999948e-01,4.325841000000000408e-03,1.995440700000000039e-02,6.930363999999999622e-03,3.118817499999999854e-02,1.281202680000000094e-01,7.375161860000000180e-01,7.397918549999999982e-01,9.664007230000000170e-01,5.363301820000000442e-01,6.259274479999999974e-01,7.028397100000000064e-01,3.096618850000000256e-01,1.662915099999999827e-02,7.194646439999999865e-01,4.635462770000000066e-01,8.887138329999999531e-01
1.883609779999999845e-01,9.638994440000000496e-01,6.107758329999999347e-01,3.343715300000000279e-01,7.322548520000000671e-01,7.007924509999999829e-01,3.204523360000000043e-01,5.000000000000000278e-02,7.027732000000000423e-02,1.000000000000000056e-01,9.685863100000000059e-02,9.212501389999999679e-01,8.110510670000000699e-01,3.437532710000000269e-01,4.325841000000000408e-03,1.995440700000000039e-02,6.930363999999999622e-03,2.986632499999999912e-02,1.163639519999999927e-01,7.386944269999999868e-01,7.397918549999999982e-01,9.664007230000000170e-01,5.363301820000000442e-01,6.259274479999999974e-01,7.028397100000000064e-01,3.096618850000000256e-01,1.662915099999999827e-02,7.194646439999999865e-01,4.635462770000000066e-01,8.887138329999999531e-01
1.797222789999999848e-01,9.558424509999999819e-01,6.093696229999999714e-01,3.316496750000000326e-01,7.172447440000000451e-01,7.007924509999999829e-01,3.204523360000000043e-01,5.000000000000000278e-02,7.027732000000000423e-02,1.000000000000000056e-01,9.685863100000000059e-02,9.457724369999999103e-01,8.262129750000000161e-01,3.248669540000000411e-01,4.325841000000000408e-03,1.995440700000000039e-02,6.930363999999999622e-03,2.749495400000000200e-02,1.316501519999999925e-01,7.391733739999999386e-01,7.397918549999999982e-01,9.664007230000000170e-01,5.363301820000000442e-01,6.259274479999999974e-01,7.028397100000000064e-01,3.096618850000000256e-01,1.662915099999999827e-02,7.194646439999999865e-01,4.635462770000000066e-01,8.887138329999999531e-01
1.758720239999999879e-01,9.580515619999999677e-01,5.955748730000000046e-01,3.300364459999999833e-01,7.208999289999999949e-01,7.007924509999999829e-01,3.204523360000000043e-01,5.000000000000000278e-02,7.027732000000000423e-02,1.000000000000000056e-01,9.685863100000000059e-02,9.428971269999999461e-01,8.315771310000000804e-01,3.449917710000000026e-01,4.325841000000000408e-03,1.995440700000000039e-02,6.930363999999999622e-03,3.031682399999999916e-02,1.286750459999999874e-01,7.498345290000000274e-01,7.397918549999999982e-01,9.664007230000000170e-01,5.363301820000000442e-01,6.259274479999999974e-01,7.028397100000000064e-01,3.096618850000000256e-01,1.662915099999999827e-02,7.194646439999999865e-01,4.635462770000000066e-01,8.887138329999999531e-01
1.774633250000000051e-01,9.721244239999999870e-01,6.044466889999999815e-01,3.242088009999999909e-01,7.164522130000000599e-01,7.007924509999999829e-01,3.204523360000000043e-01,5.000000000000000278e-02,7.027732000000000423e-02,1.000000000000000056e-01,9.685863100000000059e-02,9.292574590000000079e-01,8.161840170000000949e-01,3.475588450000000051e-01,4.325841000000000408e-03,1.995440700000000039e-02,6.930363999999999622e-03,8.480194000000003396e-03,1.334809429999999908e-01,7.263046949999999446e-01,7.397918549999999982e-01,9.664007230000000170e-01,5.363301820000000442e-01,6.259274479999999974e-01,7.028397100000000064e-01,3.096618850000000256e-01,1.662915099999999827e-02,7.194646439999999865e-01,4.635462770000000066e-01,8.887138329999999531e-01
2.030076239999999976e-01,9.695398240000000500e-01,6.151303899999999159e-01,3.337325039999999854e-01,7.264271770000000350e-01,7.007924509999999829e-01,3.204523360000000043e-01,5.000000000000000278e-02,7.027732000000000423e-02,1.000000000000000056e-01,9.685863100000000059e-02,9.400437019999999810e-01,8.259387519999999983e-01,3.316771729999999918e-01,4.325841000000000408e-03,1.995440700000000039e-02,6.930363999999999622e-03,1.624184199999999939e-02,1.340127419999999903e-01,7.414731350000000054e-01,7.397918549999999982e-01,9.664007230000000170e-01,5.363301820000000442e-01,6.259274479999999974e-01,7.028397100000000064e-01,3.096618850000000256e-01,1.662915099999999827e-02,7.194646439999999865e-01,4.635462770000000066e-01,8.887138329999999531e-01
1.919474850000000010e-01,9.616332300000000055e-01,6.163728439999999198e-01,3.200547579999999948e-01,7.256972360000000233e-01,7.007924509999999829e-01,3.204523360000000043e-01,5.000000000000000278e-02,7.027732000000000423e-02,1.000000000000000056e-01,9.685863100000000059e-02,9.257941459999999845e-01,8.214299260000000880e-01,3.262441420000000147e-01,4.325841000000000408e-03,1.995440700000000039e-02,6.930363999999999622e-03,1.095141699999999801e-02,1.074558349999999995e-01,7.480608249999999293e-01,7.397918549999999982e-01,9.664007230000000170e-01,5.363301820000000442e-01,6.259274479999999974e-01,7.028397100000000064e-01,3.096618850000000256e-01,1.662915099999999827e-02,7.194646439999999865e-01,4.635462770000000066e-01,8.887138329999999531e-01
2.017446569999999939e-01,9.675530260000000382e-01,6.095149869999999526e-01,3.419373700000000182e-01,7.373362280000000935e-01,7.007924509999999829e-01,3.204523360000000043e-01,5.000000000000000278e-02,7.027732000000000423e-02,1.000000000000000056e-01,9.685863100000000059e-02,9.456659079999999440e-01,8.175054680000000129e-01,3.425277039999999884e-01,4.325841000000000408e-03,1.995440700000000039e-02,6.930363999999999622e-03,2.494592300000000179e-02,1.083561209999999997e-01,7.484615139999999389e-01,7.397918549999999982e-01,9.664007230000000170e-01,5.363301820000000442e-01,6.259274479999999974e-01,7.028397100000000064e-01,3.096618850000000256e-01,1.662915099999999827e-02,7.194646439999999865e-01,4.635462770000000066e-01,8.887138329999999531e-01
1.762219989999999903e-01,9.659660230000000070e-01,6.056288439999999440e-01,3.297938100000000206e-01,7.132987940000000693e-01,7.007924509999999829e-01,3.204523360000000043e-01,5.000000000000000278e-02,7.027732000000000423e-02,1.000000000000000056e-01,9.685863100000000059e-02,9.362181019999999965e-01,8.209235020000000826e-01,3.444006540000000283e-01,4.325841000000000408e-03,1.995440700000000039e-02,6.930363999999999622e-03,1.342060500000000212e-02,1.274939119999999870e-01,7.313004899999999697e-01,7.397918549999999982e-01,9.664007230000000170e-01,5.363301820000000442e-01,6.259274479999999974e-01,7.028397100000000064e-01,3.096618850000000256e-01,1.662915099999999827e-02,7.194646439999999865e-01,4.635462770000000066e-01,8.887138329999999531e-01
1.827789320000000051e-01,9.752496939999999448e-01,6.078069709999999182e-01,3.342950690000000002e-01,7.152576930000000832e-01,7.007924509999999829e-01,3.204523360000000043e-01,5.000000000000000278e-02,7.027732000000000423e-02,1.000000000000000056e-01,9.685863100000000059e-02,9.348609649999999327e-01,8.163191780000000897e-01,3.222466720000000118e-01,4.325841000000000408e-03,1.995440700000000039e-02,6.930363999999999622e-03,8.754444999999999588e-03,1.093208599999999919e-01,7.475483019999999978e-01,7.397918549999999982e-01,9.664007230000000170e-01,5.363301820000000442e-01,6.259274479999999974e-01,7.028397100000000064e-01,3.096618850000000256e-01,1.662915099999999827e-02,7.194646439999999865e-01,4.635462770000000066e-01,8.887138329999999531e-01
1.901562930000000040e-01,9.589347919999999803e-01,6.166398549999999590e-01,3.257747970000000048e-01,7.239700190000000202e-01,7.007924509999999829e-01,3.204523360000000043e-01,5.000000000000000278e-02,7.027732000000000423e-02,1.000000000000000056e-01,9.685863100000000059e-02,9.381315499999999252e-01,8.219919560000000791e-01,3.366484440000000466e-01,4.325841000000000408e-03,1.995440700000000039e-02,6.930363999999999622e-03,1.859225700000000092e-02,1.231392729999999935e-01,7.395049329999999754e-01,7.397918549999999982e-01,9.664007230000000170e-01,5.363301820000000442e-01,6.259274479999999974e-01,7.028397100000000064e-01,3.096618850000000256e-01,1.662915099999999827e-02,7.194646439999999865e-01,4.635462770000000066e-01,8.887138329999999531e-01
1.948113880000000020e-01,9.627402409999999966e-01,6.155043819999999055e-01,3.326670899999999986e-01,7.120739690000000843e-01,7.007924509999999829e-01,3.204523360000000043e-01,5.000000000000000278e-02,7.027732000000000423e-02,1.000000000000000056e-01,9.685863100000000059e-02,9.323230739999999184e-01,8.134629930000000231e-01,3.214366110000000387e-01,4.325841000000000408e-03,1.995440700000000039e-02,6.930363999999999622e-03,3.067191500000000098e-02,1.155839599999999995e-01,7.527215200000000328e-01,7.397918549999999982e-01,9.664007230000000170e-01,5.363301820000000442e-01,6.259274479999999974e-01,7.028397100000000064e-01,3.096618850000000256e-01,1.662915099999999827e-02,7.194646439999999865e-01,4.635462770000000066e-01,8.887138329999999531e-01
1.838735360000000041e-01,9.516405300000000400e-01,6.001175279999999557e-01,3.178668460000000362e-01,7.161797570000000279e-01,7.007924509999999829e-01,3.204523360000000043e-01,5.000000000000000278e-02,7.027732000000000423e-02,1.000000000000000056e-01,9.685863100000000059e-02,9.274325129999999584e-01,8.251004150000000870e-01,3.444757600000000197e-01,4.325841000000000408e-03,1.995440700000000039e-02,6.930363999999999622e-03,2.974335499999999910e-02,1.228151420000000021e-01,7.265554469999999654e-01,7.397918549999999982e-01,9.664007230000000170e-01,5.363301820000000442e-01,6.259274479999999974e-01,7.028397100000000064e-01,3.096618850000000256e-01,1.662915099999999827e-02,7.194646439999999865e-01,4.635462770000000066e-01,8.887138329999999531e-01
1.959549949999999929e-01,9.697561230000000254e-01,6.122058669999999037e-01,3.320353590000000299e-01,7.101562800000000841e-01,7.007924509999999829e-01,3.204523360000000043e-01,5.000000000000000278e-02,7.027732000000000423e-02,1.000000000000000056e-01,9.685863100000000059e-02,9.359532629999999243e-01,8.310352910000000648e-01,3.282603950000000381e-01,4.325841000000000408e-03,1.995440700000000039e-02,6.930363999999999622e-03,1.237726299999999946e-02,1.081881299999999935e-01,7.268969020000000114e-01,7.397918549999999982e-01,9.664007230000000170e-01,5.363301820000000442e-01,6.259274479999999974e-01,7.028397100000000064e-01,3.096618850000000256e-01,1.662915099999999827e-02,7.194646439999999865e-01,4.635462770000000066e-01,8.887138329999999531e-01
1.988812369999999885e-01,9.653086170000000354e-01,6.129456759999999393e-01,3.140268190000000126e-01,7.324950140000000554e-01,7.007924509999999829e-01,3.204523360000000043e-01,5.000000000000000278e-02,7.027732000000000423e-02,1.000000000000000056e-01,9.685863100000000059e-02,9.425833309999999132e-01,8.090991170000000343e-01,3.286413470000000281e-01,4.325841000000000408e-03,1.995440700000000039e-02,6.930363999999999622e-03,3.242684099999999792e-02,1.328949209999999992e-01,7.272453059999999248e-01,7.397918549999999982e-01,9.664007230000000170e-01,5.363301820000000442e-01,6.259274479999999974e-01,7.028397100000000064e-01,3.096618850000000256e-01,1.662915099999999827e-02,7.194646439999999865e-01,4.635462770000000066e-01,8.887138329999999531e-01
1.787974219999999836e-01,9.612329939999999517e-01,6.117210429999999644e-01,3.207111710000000171e-01,7.230734090000000558e-01,7.007924509999999829e-01,3.204523360000000043e-01,5.000000000000000278e-02,7.027732000000000423e-02,1.000000000000000056e-01,9.685863100000000059e-02,9.364102609999999105e-01,8.083439629999999987e-01,3.191679410000000106e-01,4.325841000000000408e-03,1.995440700000000039e-02,6.930363999999999622e-03,2.736405199999999982e-02,1.226910439999999991e-01,7.404696829999999341e-01,7.397918549999999982e-01,9.664007230000000170e-01,5.363301820000000442e-01,6.259274479999999974e-01,7.028397100000000064e-01,3.096618850000000256e-01,1.662915099999999827e-02,7.194646439999999865e-01,4.635462770000000066e-01,8.887138329999999531e-01
1.733035209999999882e-01,9.651426789999999478e-01,6.146852079999999274e-01,3.339486420000000177e-01,7.123764050000001014e-01,7.007924509999999829e-01,3.204523360000000043e-01,5.000000000000000278e-02,7.027732000000000423e-02,1.000000000000000056e-01,9.685863100000000059e-02,9.268278819999999918e-01,8.040439870000000155e-01,3.466025920000000426e-01,4.325841000000000408e-03,1.995440700000000039e-02,6.930363999999999622e-03,2.425948400000000130e-02,1.250251310000000116e-01,7.273510589999999665e-01,7.397918549999999982e-01,9.664007230000000170e-01,5.363301820000000442e-01,6.259274479999999974e-01,7.028397100000000064e-01,3.096618850000000256e-01,1.662915099999999827e-02,7.194646439999999865e-01,4.635462770000000066e-01,8.887138329999999531e-01
1.808261429999999947e-01,9.599082479999999640e-01,6.140216129999999106e-01,3.309661120000000345e-01,7.151745650000000953e-01,7.007924509999999829e-01,3.204523360000000043e-01,5.000000000000000278e-02,7.027732000000000423e-02,1.000000000000000056e-01,9.685863100000000059e-02,9.167875229999999931e-01,8.228105709999999906e-01,3.353080930000000293e-01,4.325841000000000408e-03,1.995440700000000039e-02,6.930363999999999622e-03,3.154476700000000133e-02,1.350548020000000016e-01,7.416106299999999374e-01,7.397918549999999982e-01,9.664007230000000170e-01,5.363301820000000442e-01,6.259274479999999974e-01,7.028397100000000064e-01,3.096618850000000256e-01,1.662915099999999827e-02,7.194646439999999865e-01,4.635462770000000066e-01,8.887138329999999531e-01
1.749590699999999943e-01,9.712151390000000051e-01,6.066890649999999718e-01,3.302174560000000203e-01,7.203350430000000637e-01,7.007924509999999829e-01,3.204523360000000043e-01,5.000000000000000278e-02,7.027732000000000423e-02,1.000000000000000056e-01,9.685863100000000059e-02,9.374993959999999849e-01,8.100492720000000979e-01,3.251171170000000110e-01,4.325841000000000408e-03,1.995440700000000039e-02,6.930363999999999622e-03,6.838998999999998385e-03,1.196441399999999960e-01,7.322146769999999805e-01,7.397918549999999982e-01,9.664007230000000170e-01,5.363301820000000442e-01,6.259274479999999974e-01,7.028397100000000064e-01,3.096618850000000256e-01,1.662915099999999827e-02,7.194646439999999865e-01,4.635462770000000066e-01,8.887138329999999531e-01
1.993706650000000025e-01,9.489592150000000226e-01,6.219362929999999734e-01,3.412320369999999881e-01,7.154257950000000310e-01,7.007924509999999829e-01,3.204523360000000043e-01,5.000000000000000278e-02,7.027732000000000423e-02,1.000000000000000056e-01,9.685863100000000059e-02,9.218725190000000014e-01,8.268171980000000865e-01,3.306286330000000051e-01,4.325841000000000408e-03,1.995440700000000039e-02,6.930363999999999622e-03,1.175800999999999930e-02,1.111158289999999993e-01,7.247655139999999996e-01,7.397918549999999982e-01,9.664007230000000170e-01,5.363301820000000442e-01,6.259274479999999974e-01,7.028397100000000064e-01,3.096618850000000256e-01,1.662915099999999827e-02,7.194646439999999865e-01,4.635462770000000066e-01,8.887138329999999531e-01
1.810825140000000000e-01,9.586608909999999595e-01,5.954791619999999508e-01,3.333697050000000162e-01,7.278843170000000029e-01,7.007924509999999829e-01,3.204523360000000043e-01,5.000000000000000278e-02,7.027732000000000423e-02,1.000000000000000056e-01,9.685863100000000059e-02,9.221633569999999613e-01,8.280039630000000095e-01,3.252750920000000434e-01,4.325841000000000408e-03,1.995440700000000039e-02,6.930363999999999622e-03,1.629748699999999939e-02,1.211122520000000036e-01,7.521976040000000197e-01,7.397918549999999982e-01,9.664007230000000170e-01,5.363301820000000442e-01,6.259274479999999974e-01,7.028397100000000064e-01,3.096618850000000256e-01,1.662915099999999827e-02,7.194646439999999865e-01,4.635462770000000066e-01,8.887138329999999531e-01
1.895730479999999940e-01,9.756014069999999760e-01,6.010084949999999759e-01,3.244188050000000323e-01,7.189409120000000986e-01,7.007924509999999829e-01,3.204523360000000043e-01,5.000000000000000278e-02,7.027732000000000423e-02,1.000000000000000056e-01,9.685863100000000059e-02,9.388393009999999039e-01,8.149415360000000774e-01,3.399503430000000437e-01,4.325841000000000408e-03,1.995440700000000039e-02,6.930363999999999622e-03,1.969013200000000255e-02,1.303219629999999851e-01,7.294008619999999832e-01,7.397918549999999982e-01,9.664007230000000170e-01,5.363301820000000442e-01,6.259274479999999974e-01,7.028397100000000064e-01,3.096618850000000256e-01,1.662915099999999827e-02,7.194646439999999865e-01,4.635462770000000066e-01,8.887138329999999531e-01
1.937744819999999979e-01,9.735590469999999552e-01,5.966670639999999137e-01,3.383385190000000042e-01,7.303789960000000026e-01,7.007924509999999829e-01,3.204523360000000043e-01,5.000000000000000278e-02,7.027732000000000423e-02,1.000000000000000056e-01,9.685863100000000059e-02,9.238712929999999268e-01,8.123185370000000072e-01,3.197091860000000341e-01,4.325841000000000408e-03,1.995440700000000039e-02,6.930363999999999622e-03,9.085473000000003629e-03,1.129700569999999987e-01,7.503242580000000217e-01,7.397918549999999982e-01,9.664007230000000170e-01,5.363301820000000442e-01,6.259274479999999974e-01,7.028397100000000064e-01,3.096618850000000256e-01,1.662915099999999827e-02,7.194646439999999865e-01,4.635462770000000066e-01,8.887138329999999531e-01
1.978709959999999934e-01,9.494658019999999699e-01,6.181350780000000045e-01,3.284213140000000197e-01,7.368460390000000082e-01,7.007924509999999829e-01,3.204523360000000043e-01,5.000000000000000278e-02,7.027732000000000423e-02,1.000000000000000056e-01,9.685863100000000059e-02,9.307943180000000094e-01,8.072690760000000854e-01,3.314275409999999922e-01,4.325841000000000408e-03,1.995440700000000039e-02,6.930363999999999622e-03,7.671742000000002226e-03,1.175509460000000034e-01,7.439371479999999925e-01,7.397918549999999982e-01,9.664007230000000170e-01,5.363301820000000442e-01,6.259274479999999974e-01,7.028397100000000064e-01,3.096618850000000256e-01,1.662915099999999827e-02,7.194646439999999865e-01,4.635462770000000066e-01,8.887138329999999531e-01
1.730853739999999863e-01,9.578487180000000434e-01,6.059332719999999117e-01,3.265279130000000030e-01,7.338408110000000928e-01,7.007924509999999829e-01,3.204523360000000043e-01,5.000000000000000278e-02,7.027732000000000423e-02,1.000000000000000056e-01,9.685863100000000059e-02,9.190200179999999941e-01,8.221326230000000068e-01,3.263403559999999981e-01,4.325841000000000408e-03,1.995440700000000039e-02,6.930363999999999622e-03,6.200587999999999933e-03,1.069616919999999971e-01,7.333744500000000111e-01,7.397918549999999982e-01,9.664007230000000170e-01,5.363301820000000442e-01,6.259274479999999974e-01,7.028397100000000064e-01,3.096618850000000256e-01,1.662915099999999827e-02,7.194646439999999865e-01,4.635462770000000066e-01,8.887138329999999531e-01
1.768903259999999866e-01,9.485363300000000386e-01,5.945753019999999722e-01,3.140963999999999978e-01,7.077351240000000487e-01,7.007924509999999829e-01,3.204523360000000043e-01,5.000000000000000278e-02,7.027732000000000423e-02,1.000000000000000056e-01,9.685863100000000059e-02,9.294247069999999056e-01,8.101294350000000088e-01,3.296500430000000037e-01,4.325841000000000408e-03,1.995440700000000039e-02,6.930363999999999622e-03,1.536273500000000236e-02,1.130799529999999969e-01,7.490208320000000253e-01,7.397918549999999982e-01,9.664007230000000170e-01,5.363301820000000442e-01,6.259274479999999974e-01,7.028397100000000064e-01,3.096618850000000256e-01,1.662915099999999827e-02,7.194646439999999865e-01,4.635462770000000066e-01,8.887138329999999531e-01
2.002859979999999929e-01,9.675820130000000185e-01,5.971760879999999938e-01,3.372553349999999894e-01,7.366607430000000623e-01,7.007924509999999829e-01,3.204523360000000043e-01,5.000000000000000278e-02,7.027732000000000423e-02,1.000000000000000056e-01,9.685863100000000059e-02,9.427360889999999438e-01,8.165702790000000100e-01,3.187683610000000001e-01,4.325841000000000408e-03,1.995440700000000039e-02,6.930363999999999622e-03,2.528826900000000211e-02,1.067711140000000003e-01,7.422357689999999897e-01,7.397918549999999982e-01,9.664007230000000170e-01,5.363301820000000442e-01,6.259274479999999974e-01,7.028397100000000064e-01,3.096618850000000256e-01,1.662915099999999827e-02,7.194646439999999865e-01,4.635462770000000066e-01,8.887138329999999531e-01
1.958128909999999889e-01,9.588217919999999506e-01,6.173456589999999355e-01,3.126595520000000072e-01,7.372605840000000521e-01,7.007924509999999829e-01,3.204523360000000043e-01,5.000000000000000278e-02,7.027732000000000423e-02,1.000000000000000056e-01,9.685863100000000059e-02,9.306356510000000082e-01,8.187412480000000325e-01,3.340178970000000080e-01,4.325841000000000408e-03,1.995440700000000039e-02,6.930363999999999622e-03,1.828509300000000226e-02,1.090460970000000085e-01,7.403736290000000331e-01,7.397918549999999982e-01,9.664007230000000170e-01,5.363301820000000442e-01,6.259274479999999974e-01,7.028397100000000064e-01,3.096618850000000256e-01,1.662915099999999827e-02,7.194646439999999865e-01,4.635462770000000066e-01,8.887138329999999531e-01
1.962178869999999797e-01,9.655504179999999659e-01,6.047903479999999776e-01,3.418509419999999910e-01,7.375504420000000838e-01,7.007924509999999829e-01,3.204523360000000043e-01,5.000000000000000278e-02,7.027732000000000423e-02,1.000000000000000056e-01,9.685863100000000059e-02,9.397552929999999360e-01,8.301115820000000145e-01,3.335044010000000059e-01,4.325841000000000408e-03,1.995440700000000039e-02,6.930363999999999622e-03,8.336853999999997711e-03,1.358179649999999850e-01,7.429927949999999282e-01,7.397918549999999982e-01,9.664007230000000170e-01,5.363301820000000442e-01,6.259274479999999974e-01,7.028397100000000064e-01,3.096618850000000256e-01,1.662915099999999827e-02,7.194646439999999865e-01,4.635462770000000066e-01,8.887138329999999531e-01
1.983030449999999834e-01,9.484301360000000347e-01,6.208828659999999777e-01,3.363481100000000334e-01,7.237237800000000387e-01,7.007924509999999829e-01,3.204523360000000043e-01,5.000000000000000278e-02,7.027732000000000423e-02,1.000000000000000056e-01,9.685863100000000059e-02,9.419888249999999186e-01,8.292331110000000782e-01,3.279179500000000136e-01,4.325841000000000408e-03,1.995440700000000039e-02,6.930363999999999622e-03,1.753739200000000234e-02,1.355202339999999894e-01,7.291874139999999782e-01,7.397918549999999982e-01,9.664007230000000170e-01,5.363301820000000442e-01,6.259274479999999974e-01,7.028397100000000064e-01,3.096618850000000256e-01,1.662915099999999827e-02,7.194646439999999865e-01,4.635462770000000066e-01,8.887138329999999531e-01
1.915960270000000021e-01,9.765041859999999962e-01,6.137066719999999531e-01,3.184099120000000172e-01,7.315710120000000760e-01,7.007924509999999829e-01,3.204523360000000043e-01,5.000000000000000278e-02,7.027732000000000423e-02,1.000000000000000056e-01,9.685863100000000059e-02,9.287557579999999868e-01,8.078336270000000541e-01,3.431034729999999922e-01,4.325841000000000408e-03,1.995440700000000039e-02,6.930363999999999622e-03,5.206387999999999294e-03,1.333381829999999990e-01,7.379117279999999335e-01,7.397918549999999982e-01,9.664007230000000170e-01,5.363301820000000442e-01,6.259274479999999974e-01,7.028397100000000064e-01,3.096618850000000256e-01,1.662915099999999827e-02,7.194646439999999865e-01,4.635462770000000066e-01,8.887138329999999531e-01
1.765705479999999938e-01,9.774692149999999469e-01,6.141150679999999307e-01,3.414838920000000111e-01,7.282142560000000042e-01,7.007924509999999829e-01,3.204523360000000043e-01,5.000000000000000278e-02,7.027732000000000423e-02,1.000000000000000056e-01,9.685863100000000059e-02,9.288126319999999714e-01,8.031248460000000033e-01,3.397975590000000268e-01,4.325841000000000408e-03,1.995440700000000039e-02,6.930363999999999622e-03,2.861405100000000146e-02,1.092589250000000067e-01,7.306662290000000004e-01,7.397918549999999982e-01,9.664007230000000170e-01,5.363301820000000442e-01,6.259274479999999974e-01,7.028397100000000064e-01,3.096618850000000256e-01,1.662915099999999827e-02,7.194646439999999865e-01,4.635462770000000066e-01,8.887138329999999531e-01
1.737646069999999876e-01,9.688725040000000233e-01,6.061655989999999994e-01,3.216945250000000089e-01,7.342289980000000771e-01,7.007924509999999829e-01,3.204523360000000043e-01,5.000000000000000278e-02,7.027732000000000423e-02,1.000000000000000056e-01,9.685863100000000059e-02,9.194712489999999905e-01,8.225910080000000679e-01,3.406180950000000096e-01,4.325841000000000408e-03,1.995440700000000039e-02,6.930363999999999622e-03,1.992309600000000125e-02,1.223373120000000036e-01,7.325312219999999819e-01,7.397918549999999982e-01,9.664007230000000170e-01,5.363301820000000442e-01,6.259274479999999974e-01,7.028397100000000064e-01,3.096618850000000256e-01,1.662915099999999827e-02,7.194646439999999865e-01,4.635462770000000066e-01,8.887138329999999531e-01
1.842429200000000045e-01,9.559624650000000390e-01,6.100792949999999104e-01,3.186478699999999997e-01,7.185225650000000019e-01,7.007924509999999829e-01,3.204523360000000043e-01,5.000000000000000278e-02,7.027732000000000423e-02,1.000000000000000056e-01,9.685863100000000059e-02,9.321396969999999893e-01,8.319477790000000539e-01,3.329280789999999879e-01,4.325841000000000408e-03,1.995440700000000039e-02,6.930363999999999622e-03,1.528612000000000026e-02,1.216545410000000049e-01,7.516686860000000303e-01,7.397918549999999982e-01,9.664007230000000170e-01,5.363301820000000442e-01,6.259274479999999974e-01,7.028397100000000064e-01,3.096618850000000256e-01,1.662915099999999827e-02,7.194646439999999865e-01,4.635462770000000066e-01,8.887138329999999531e-01
1.804436560000000078e-01,9.618709629999999677e-01,6.187449009999999028e-01,3.148896250000000063e-01,7.178767759999999942e-01,7.007924509999999829e-01,3.204523360000000043e-01,5.000000000000000278e-02,7.027732000000000423e-02,1.000000000000000056e-01,9.685863100000000059e-02,9.199210679999999529e-01,8.088803520000000802e-01,3.307909780000000133e-01,4.325841000000000408e-03,1.995440700000000039e-02,6.930363999999999622e-03,1.672012000000000151e-02,1.098667440000000023e-01,7.241124549999999882e-01,7.397918549999999982e-01,9.664007230000000170e-01,5.363301820000000442e-01,6.259274479999999974e-01,7.028397100000000064e-01,3.096618850000000256e-01,1.662915099999999827e-02,7.194646439999999865e-01,4.635462770000000066e-01,8.887138329999999531e-01
1.755735439999999981e-01,9.583153039999999789e-01,6.032544220000000124e-01,3.324814810000000231e-01,7.138391510000000606e-01,7.007924509999999829e-01,3.204523360000000043e-01,5.000000000000000278e-02,7.027732000000000423e-02,1.000000000000000056e-01,9.685863100000000059e-02,9.406908109999999601e-01,8.077157289999999934e-01,3.326437160000000337e-01,4.325841000000000408e-03,1.995440700000000039e-02,6.930363999999999622e-03,2.357579100000000219e-02,1.182425159999999920e-01,7.428377299999999739e-01,7.397918549999999982e-01,9.664007230000000170e-01,5.363301820000000442e-01,6.259274479999999974e-01,7.028397100000000064e-01,3.096618850000000256e-01,1.662915099999999827e-02,7.194646439999999865e-01,4.635462770000000066e-01,8.887138329999999531e-01
1.885630709999999988e-01,9.579526369999999957e-01,6.084677949999999225e-01,3.414086849999999895e-01,7.276841000000000559e-01,7.007924509999999829e-01,3.204523360000000043e-01,5.000000000000000278e-02,7.027732000000000423e-02,1.000000000000000056e-01,9.685863100000000059e-02,9.291666299999999934e-01,8.215797540000000510e-01,3.269313080000000316e-01,4.325841000000000408e-03,1.995440700000000039e-02,6.930363999999999622e-03,3.388425200000000359e-02,1.177934419999999982e-01,7.453142050000000074e-01,7.397918549999999982e-01,9.664007230000000170e-01,5.363301820000000442e-01,6.259274479999999974e-01,7.028397100000000064e-01,3.096618850000000256e-01,1.662915099999999827e-02,7.194646439999999865e-01,4.635462770000000066e-01,8.887138329999999531e-01
1.888454049999999940e-01,9.737061139999999559e-01,6.135019659999999542e-01,3.235458920000000016e-01,7.269787480000000635e-01,7.007924509999999829e-01,3.204523360000000043e-01,5.000000000000000278e-02,7.027732000000000423e-02,1.000000000000000056e-01,9.685863100000000059e-02,9.379574189999999589e-01,8.239709970000000938e-01,3.451737089999999952e-01,4.325841000000000408e-03,1.995440700000000039e-02,6.930363999999999622e-03,1.999238300000000246e-02,1.221412979999999954e-01,7.390506420000000354e-01,7.397918549999999982e-01,9.664007230000000170e-01,5.363301820000000442e-01,6.259274479999999974e-01,7.028397100000000064e-01,3.096618850000000256e-01,1.662915099999999827e-02,7.194646439999999865e-01,4.635462770000000066e-01,8.887138329999999531e-01
1.795092939999999859e-01,9.680860930000000364e-01,6.131279939999999540e-01,3.133632339999999905e-01,7.115933240000000826e-01,7.007924509999999829e-01,3.204523360000000043e-01,5.000000000000000278e-02,7.027732000000000423e-02,1.000000000000000056e-01,9.685863100000000059e-02,9.244241529999999152e-01,8.216321570000000296e-01,3.242279439999999902e-01,4.325841000000000408e-03,1.995440700000000039e-02,6.930363999999999622e-03,2.059560600000000241e-02,1.309753319999999999e-01,7.383138149999999289e-01,7.397918549999999982e-01,9.664007230000000170e-01,5.363301820000000442e-01,6.259274479999999974e-01,7.028397100000000064e-01,3.096618850000000256e-01,1.662915099999999827e-02,7.194646439999999865e-01,4.635462770000000066e-01,8.887138329999999531e-01
1.833247590000000038e-01,9.515698139999999583e-01,6.187025709999999235e-01,3.407576250000000084e-01,7.183375430000000783e-01,7.007924509999999829e-01,3.204523360000000043e-01,5.000000000000000278e-02,7.027732000000000423e-02,1.000000000000000056e-01,9.685863100000000059e-02,9.322226969999999335e-01,8.119380620000000714e-01,3.399794120000000364e-01,4.325841000000000408e-03,1.995440700000000039e-02,6.930363999999999622e-03,1.809381800000000109e-02,1.187851000000000046e-01,7.282023369999999218e-01,7.397918549999999982e-01,9.664007230000000170e-01,5.363301820000000442e-01,6.259274479999999974e-01,7.028397100000000064e-01,3.096618850000000256e-01,1.662915099999999827e-02,7.194646439999999865e-01,4.635462770000000066e-01,8.887138329999999531e-01
1.892058620000000024e-01,9.682436070000000061e-01,5.953533689999999101e-01,3.291663390000000300e-01,7.363178620000000452e-01,7.007924509999999829e-01,3.204523360000000043e-01,5.000000000000000278e-02,7.027732000000000423e-02,1.000000000000000056e-01,9.685863100000000059e-02,9.445895369999999236e-01,8.283160670000000447e-01,3.257063660000000249e-01,4.325841000000000408e-03,1.995440700000000039e-02,6.930363999999999622e-03,3.400545500000000387e-02,1.315183010000000041e-01,7.491291959999999417e-01,7.397918549999999982e-01,9.664007230000000170e-01,5.363301820000000442e-01,6.259274479999999974e-01,7.028397100000000064e-01,3.096618850000000256e-01,1.662915099999999827e-02,7.194646439999999865e-01,4.635462770000000066e-01,8.887138329999999531e-01
1.788927329999999982e-01,9.543671790000000099e-01,6.080732589999999771e-01,3.135321830000000198e-01,7.216469660000000008e-01,7.007924509999999829e-01,3.204523360000000043e-01,5.000000000000000278e-02,7.027732000000000423e-02,1.000000000000000056e-01,9.685863100000000059e-02,9.290107629999999617e-01,8.182823850000000565e-01,3.446727600000000225e-01,4.325841000000000408e-03,1.995440700000000039e-02,6.930363999999999622e-03,3.085952800000000065e-02,1.323064130000000116e-01,7.243825799999999981e-01,7.397918549999999982e-01,9.664007230000000170e-01,5.363301820000000442e-01,6.259274479999999974e-01,7.028397100000000064e-01,3.096618850000000256e-01,1.662915099999999827e-02,7.194646439999999865e-01,4.635462770000000066e-01,8.887138329999999531e-01
1.960370679999999810e-01,9.534575650000000069e-01,6.042889679999999819e-01,3.364556840000000326e-01,7.308264910000000780e-01,7.007924509999999829e-01,3.204523360000000043e-01,5.000000000000000278e-02,7.027732000000000423e-02,1.000000000000000056e-01,9.685863100000000059e-02,9.414673809999999365e-01,8.066084960000000637e-01,3.219293170000000481e-01,4.325841000000000408e-03,1.995440700000000039e-02,6.930363999999999622e-03,4.770966000000001483e-03,1.272431390000000051e-01,7.433768159999999403e-01,7.397918549999999982e-01,9.664007230000000170e-01,5.363301820000000442e-01,6.259274479999999974e-01,7.028397100000000064e-01,3.096618850000000256e-01,1.662915099999999827e-02,7.194646439999999865e-01,4.635462770000000066e-01,8.887138329999999531e-01
1.779780879999999788e-01,9.554913139999999805e-01,6.000745219999999991e-01,3.350853739999999914e-01,7.241615550000000123e-01,7.007924509999999829e-01,3.204523360000000043e-01,5.000000000000000278e-02,7.027732000000000423e-02,1.000000000000000056e-01,9.685863100000000059e-02,9.231975479999999790e-01,8.132831530000000919e-01,3.405762620000000185e-01,4.325841000000000408e-03,1.995440700000000039e-02,6.930363999999999622e-03,1.897461300000000128e-02,1.200340059999999986e-01,7.283695009999999748e-01,7.397918549999999982e-01,9.664007230000000170e-01,5.363301820000000442e-01,6.259274479999999974e-01,7.028397100000000064e-01,3.096618850000000256e-01,1.662915099999999827e-02,7.194646439999999865e-01,4.635462770000000066e-01,8.887138329999999531e-01
1.876873569999999991e-01,9.570640990000000015e-01,6.082348839999999202e-01,3.226857770000000070e-01,7.233442890000000292e-01,7.007924509999999829e-01,3.204523360000000043e-01,5.000000000000000278e-02,7.027732000000000423e-02,1.000000000000000056e-01,9.685863100000000059e-02,9.297327939999999735e-01,8.267010710000000095e-01,3.460476010000000380e-01,4.325841000000000408e-03,1.995440700000000039e-02,6.930363999999999622e-03,1.792172200000000104e-02,1.260119819999999946e-01,7.431943509999999753e-01,7.397918549999999982e-01,9.664007230000000170e-01,5.363301820000000442e-01,6.259274479999999974e-01,7.028397100000000064e-01,3.096618850000000256e-01,1.662915099999999827e-02,7.194646439999999865e-01,4.635462770000000066e-01,8.887138329999999531e-01
1.990100209999999814e-01,9.732503270000000262e-01,6.060182659999999721e-01,3.382549300000000092e-01,7.160268880000000280e-01,7.007924509999999829e-01,3.204523360000000043e-01,5.000000000000000278e-02,7.027732000000000423e-02,1.000000000000000056e-01,9.685863100000000059e-02,9.368273839999999852e-01,8.092015250000000881e-01,3.435679480000000119e-01,4.325841000000000408e-03,1.995440700000000039e-02,6.930363999999999622e-03,6.987565000000001136e-03,1.345235770000000053e-01,7.412966119999999659e-01,7.397918549999999982e-01,9.664007230000000170e-01,5.363301820000000442e-01,6.259274479999999974e-01,7.028397100000000064e-01,3.096618850000000256e-01,1.662915099999999827e-02,7.194646439999999865e-01,4.635462770000000066e-01,8.887138329999999531e-01
1.769431989999999955e-01,9.725750490000000248e-01,5.957093789999999833e-01,3.312585499999999850e-01,7.267142180000000229e-01,7.007924509999999829e-01,3.204523360000000043e-01,5.000000000000000278e-02,7.027732000000000423e-02,1.000000000000000056e-01,9.685863100000000059e-02,9.269155940000000093e-01,8.079439999999999955e-01,3.472043530000000211e-01,4.325841000000000408e-03,1.995440700000000039e-02,6.930363999999999622e-03,3.251837900000000003e-02,1.217977529999999947e-01,7.398556929999999809e-01,7.397918549999999982e-01,9.664007230000000170e-01,5.363301820000000442e-01,6.259274479999999974e-01,7.028397100000000064e-01,3.096618850000000256e-01,1.662915099999999827e-02,7.194646439999999865e-01,4.635462770000000066e-01,8.887138329999999531e-01
2.013711269999999831e-01,9.729011579999999881e-01,6.038090379999999646e-01,3.169331250000000377e-01,7.317841310000000599e-01,7.007924509999999829e-01,3.204523360000000043e-01,5.000000000000000278e-02,7.027732000000000423e-02,1.000000000000000056e-01,9.685863100000000059e-02,9.371881109999999904e-01,8.307623690000000005e-01,3.194801710000000350e-01,4.325841000000000408e-03,1.995440700000000039e-02,6.930363999999999622e-03,3.058258200000000052e-02,1.080748289999999973e-01,7.371625600000000222e-01,7.397918549999999982e-01,9.664007230000000170e-01,5.363301820000000442e-01,6.259274479999999974e-01,7.028397100000000064e-01,3.096618850000000256e-01,1.662915099999999827e-02,7.194646439999999865e-01,4.635462770000000066e-01,8.887138329999999531e-01
1.784910319999999939e-01,9.713005949999999888e-01,5.952866909999999789e-01,3.254482439999999976e-01,7.083089000000000190e-01,7.007924509999999829e-01,3.204523360000000043e-01,5.000000000000000278e-02,7.027732000000000423e-02,1.000000000000000056e-01,9.685863100000000059e-02,9.196518059999999606e-01,8.046843960000000795e-01,3.255478790000000400e-01,4.325841000000000408e-03,1.995440700000000039e-02,6.930363999999999622e-03,9.453889999999999516e-03,1.259236119999999903e-01,7.250642409999999982e-01,7.397918549999999982e-01,9.664007230000000170e-01,5.363301820000000442e-01,6.259274479999999974e-01,7.028397100000000064e-01,3.096618850000000256e-01,1.662915099999999827e-02,7.194646439999999865e-01,4.635462770000000066e-01,8.887138329999999531e-01
2.019391660000000033e-01,9.667090950000000182e-01,5.936446650000000158e-01,3.218672800000000334e-01,7.355165740000000341e-01,7.007924509999999829e-01,3.204523360000000043e-01,5.000000000000000278e-02,7.027732000000000423e-02,1.000000000000000056e-01,9.685863100000000059e-02,9.358867859999999705e-01,8.315061420000000592e-01,3.446121630000000269e-01,4.325841000000000408e-03,1.995440700000000039e-02,6.930363999999999622e-03,2.244400400000000004e-02,1.104295979999999899e-01,7.377379069999999706e-01,7.397918549999999982e-01,9.664007230000000170e-01,5.363301820000000442e-01,6.259274479999999974e-01,7.028397100000000064e-01,3.096618850000000256e-01,1.662915099999999827e-02,7.194646439999999865e-01,4.635462770000000066e-01,8.887138329999999531e-01
1.931690549999999784e-01,9.668335340000000500e-01,6.217895399999999739e-01,3.271027819999999808e-01,7.193268320000000271e-01,7.007924509999999829e-01,3.204523360000000043e-01,5.000000000000000278e-02,7.027732000000000423e-02,1.000000000000000056e-01,9.685863100000000059e-02,9.188996359999999086e-01,8.183998170000000849e-01,3.232265790000000139e-01,4.325841000000000408e-03,1.995440700000000039e-02,6.930363999999999622e-03,2.841259500000000229e-02,1.064697039999999983e-01,7.507962299999999534e-01,7.397918549999999982e-01,9.664007230000000170e-01,5.363301820000000442e-01,6.259274479999999974e-01,7.028397100000000064e-01,3.096618850000000256e-01,1.662915099999999827e-02,7.194646439999999865e-01,4.635462770000000066e-01,8.887138329999999531e-01
1.837509820000000071e-01,9.627803539999999494e-01,6.076627399999999790e-01,3.367629269999999897e-01,7.098720920000000101e-01,7.007924509999999829e-01,3.204523360000000043e-01,5.000000000000000278e-02,7.027732000000000423e-02,1.000000000000000056e-01,9.685863100000000059e-02,9.345041279999999340e-01,8.318661600000000211e-01,3.383327810000000269e-01,4.325841000000000408e-03,1.995440700000000039e-02,6.930363999999999622e-03,2.944931500000000021e-02,1.327944349999999885e-01,7.436339889999999953e-01,7.397918549999999982e-01,9.664007230000000170e-01,5.363301820000000442e-01,6.259274479999999974e-01,7.028397100000000064e-01,3.096618850000000256e-01,1.662915099999999827e-02,7.194646439999999865e-01,4.635462770000000066e-01,8.887138329999999531e-01
1.859552680000000069e-01,9.645446880000000389e-01,6.160623119999999453e-01,3.393934310000000232e-01,7.334446860000000123e-01,7.007924509999999829e-01,3.204523360000000043e-01,5.000000000000000278e-02,7.027732000000000423e-02,1.000000000000000056e-01,9.685863100000000059e-02,9.397080329999999426e-01,8.087234220000000251e-01,3.382671210000000039e-01,4.325841000000000408e-03,1.995440700000000039e-02,6.930363999999999622e-03,9.550242999999999927e-03,1.143025770000000024e-01,7.505948350000000158e-01,7.397918549999999982e-01,9.664007230000000170e-01,5.363301820000000442e-01,6.259274479999999974e-01,7.028397100000000064e-01,3.096618850000000256e-01,1.662915099999999827e-02,7.194646439999999865e-01,4.635462770000000066e-01,8.887138329999999531e-01
1.829840349999999893e-01,9.532020989999999694e-01,5.992636449999999559e-01,3.310214499999999949e-01,7.333562370000000774e-01,7.007924509999999829e-01,3.204523360000000043e-01,5.000000000000000278e-02,7.027732000000000423e-02,1.000000000000000056e-01,9.685863100000000059e-02,9.241308010000000017e-01,8.113848370000000809e-01,3.481227400000000416e-01,4.325841000000000408e-03,1.995440700000000039e-02,6.930363999999999622e-03,1.930711900000000106e-02,1.325227069999999896e-01,7.455385759999999529e-01,7.397918549999999982e-01,9.664007230000000170e-01,5.363301820000000442e-01,6.259274479999999974e-01,7.028397100000000064e-01,3.096618850000000256e-01,1.662915099999999827e-02,7.194646439999999865e-01,4.635462770000000066e-01,8.887138329999999531e-01
1.822784070000000034e-01,9.615120560000000038e-01,5.987418479999999654e-01,3.192266409999999777e-01,7.169324990000000009e-01,7.007924509999999829e-01,3.204523360000000043e-01,5.000000000000000278e-02,7.027732000000000423e-02,1.000000000000000056e-01,9.685863100000000059e-02,9.286294389999999455e-01,8.276876700000000975e-01,3.457550420000000124e-01,4.325841000000000408e-03,1.995440700000000039e-02,6.930363999999999622e-03,1.026669799999999771e-02,1.115603810000000001e-01,7.451972649999999421e-01,7.397918549999999982e-01,9.664007230000000170e-01,5.363301820000000442e-01,6.259274479999999974e-01,7.028397100000000064e-01,3.096618850000000256e-01,1.662915099999999827e-02,7.194646439999999865e-01,4.635462770000000066e-01,8.887138329999999531e-01
1.826180299999999868e-01,9.498351390000000505e-01,6.124408179999999424e-01,3.346054649999999908e-01,7.311580710000000760e-01,7.007924509999999829e-01,3.204523360000000043e-01,5.000000000000000278e-02,7.027732000000000423e-02,1.000000000000000056e-01,9.685863100000000059e-02,9.201079719999999407e-01,8.194371450000000889e-01,3.320223350000000018e-01,4.325841000000000408e-03,1.995440700000000039e-02,6.930363999999999622e-03,3.202093100000000248e-02,1.296810830000000025e-01,7.396601589999999282e-01,7.397918549999999982e-01,9.664007230000000170e-01,5.363301820000000442e-01,6.259274479999999974e-01,7.028397100000000064e-01,3.096618850000000256e-01,1.662915099999999827e-02,7.194646439999999865e-01,4.635462770000000066e-01,8.887138329999999531e-01
1.860557379999999983e-01,9.620626220000000339e-01,6.025761339999999855e-01,3.356154219999999966e-01,7.191010290000000582e-01,7.007924509999999829e-01,3.204523360000000043e-01,5.000000000000000278e-02,7.027732000000000423e-02,1.000000000000000056e-01,9.685863100000000059e-02,9.413314179999999753e-01,8.257154890000000247e-01,3.411724100000000370e-01,4.325841000000000408e-03,1.995440700000000039e-02,6.930363999999999622e-03,1.678419000000000091e-02,1.199016029999999955e-01,7.341868879999999820e-01,7.397918549999999982e-01,9.664007230000000170e-01,5.363301820000000442e-01,6.259274479999999974e-01,7.028397100000000064e-01,3.096618850000000256e-01,1.662915099999999827e-02,7.194646439999999865e-01,4.635462770000000066e-01,8.887138329999999531e-01
1.912812249999999992e-01,9.502776490000000020e-01,5.932374129999999912e-01,3.149355110000000013e-01,7.248213680000000769e-01,7.007924509999999829e-01,3.204523360000000043e-01,5.000000000000000278e-02,7.027732000000000423e-02,1.000000000000000056e-01,9.685863100000000059e-02,9.439730399999999300e-01,8.275375980000000409e-01,3.482558580000000292e-01,4.325841000000000408e-03,1.995440700000000039e-02,6.930363999999999622e-03,5.764182999999999113e-03,1.251669220000000138e-01,7.510988619999999782e-01,7.397918549999999982e-01,9.664007230000000170e-01,5.363301820000000442e-01,6.259274479999999974e-01,7.028397100000000064e-01,3.096618850000000256e-01,1.662915099999999827e-02,7.194646439999999865e-01,4.635462770000000066e-01,8.887138329999999531e-01
1.764549460000000014e-01,9.683057179999999819e-01,6.177027159999999295e-01,3.159914380000000134e-01,7.130021480000000578e-01,7.007924509999999829e-01,3.204523360000000043e-01,5.000000000000000278e-02,7.027732000000000423e-02,1.000000000000000056e-01,9.685863100000000059e-02,9.346940709999999042e-01,8.227713660000000040e-01,3.355903900000000162e-01,4.325841000000000408e-03,1.995440700000000039e-02,6.930363999999999622e-03,3.217714700000000316e-02,1.174516000000000032e-01,7.316671550000000135e-01,7.397918549999999982e-01,9.664007230000000170e-01,5.363301820000000442e-01,6.259274479999999974e-01,7.028397100000000064e-01,3.096618850000000256e-01,1.662915099999999827e-02,7.194646439999999865e-01,4.635462770000000066e-01,8.887138329999999531e-01
1.989941709999999975e-01,9.486301150000000515e-01,5.977942109999999643e-01,3.161545119999999987e-01,7.136931590000000769e-01,7.007924509999999829e-01,3.204523360000000043e-01,5.000000000000000278e-02,7.027732000000000423e-02,1.000000000000000056e-01,9.685863100000000059e-02,9.225306219999999113e-01,8.199369180000000146e-01,3.404146160000000032e-01,4.325841000000000408e-03,1.995440700000000039e-02,6.930363999999999622e-03,1.365589500000000123e-02,1.095134249999999976e-01,7.465379659999999973e-01,7.397918549999999982e-01,9.664007230000000170e-01,5.363301820000000442e-01,6.259274479999999974e-01,7.028397100000000064e-01,3.096618850000000256e-01,1.662915099999999827e-02,7.194646439999999865e-01,4.635462770000000066e-01,8.887138329999999531e-01
1.739358520000000019e-01,9.547455849999999522e-01,5.938279119999999578e-01,3.196154860000000042e-01,7.121859720000000005e-01,7.007924509999999829e-01,3.204523360000000043e-01,5.000000000000000278e-02,7.027732000000000423e-02,1.000000000000000056e-01,9.685863100000000059e-02,9.454342430000000075e-01,8.127703170000000199e-01,3.222148499999999971e-01,4.325841000000000408e-03,1.995440700000000039e-02,6.930363999999999622e-03,6.402178000000001423e-03,1.086469260000000048e-01,7.245141809999999793e-01,7.397918549999999982e-01,9.664007230000000170e-01,5.363301820000000442e-01,6.259274479999999974e-01,7.028397100000000064e-01,3.096618850000000256e-01,1.662915099999999827e-02,7.194646439999999865e-01,4.635462770000000066e-01,8.887138329999999531e-01
1.820525590000000027e-01,9.643290890000000282e-01,5.965415649999999959e-01,3.138327240000000073e-01,7.167006840000000878e-01,7.007924509999999829e-01,3.204523360000000043e-01,5.000000000000000278e-02,7.027732000000000423e-02,1.000000000000000056e-01,9.685863100000000059e-02,9.420683539999999967e-01,8.204579370000000260e-01,3.238449610000000423e-01,4.325841000000000408e-03,1.995440700000000039e-02,6.930363999999999622e-03,3.021186700000000336e-02,1.264842870000000008e-01,7.400081749999999348e-01,7.397918549999999982e-01,9.664007230000000170e-01,5.363301820000000442e-01,6.259274479999999974e-01,7.028397100000000064e-01,3.096618850000000256e-01,1.662915099999999827e-02,7.194646439999999865e-01,4.635462770000000066e-01,8.887138329999999531e-01
1.922370280000000042e-01,9.775385650000000259e-01,6.196975219999999451e-01,3.225380720000000090e-01,7.235869200000000223e-01,7.007924509999999829e-01,3.204523360000000043e-01,5.000000000000000278e-02,7.027732000000000423e-02,1.000000000000000056e-01,9.685863100000000059e-02,9.330828369999999428e-01,8.061431090000000799e-01,3.470505919999999911e-01,4.325841000000000408e-03,1.995440700000000039e-02,6.930363999999999622e-03,1.360985400000000109e-02,1.157646719999999990e-01,7.476740570000000030e-01,7.397918549999999982e-01,9.664007230000000170e-01,5.363301820000000442e-01,6.259274479999999974e-01,7.028397100000000064e-01,3.096618850000000256e-01,1.662915099999999827e-02,7.194646439999999865e-01,4.635462770000000066e-01,8.887138329999999531e-01
2.003334199999999843e-01,9.557148720000000486e-01,6.153957809999999196e-01,3.176056820000000003e-01,7.103134390000001019e-01,7.007924509999999829e-01,3.204523360000000043e-01,5.000000000000000278e-02,7.027732000000000423e-02,1.000000000000000056e-01,9.685863100000000059e-02,9.170353390000000049e-01,8.096805740000000418e-01,3.236772589999999949e-01,4.325841000000000408e-03,1.995440700000000039e-02,6.930363999999999622e-03,2.870983100000000163e-02,1.230587759999999947e-01,7.332527060000000318e-01,7.397918549999999982e-01,9.664007230000000170e-01,5.363301820000000442e-01,6.259274479999999974e-01,7.028397100000000064e-01,3.096618850000000256e-01,1.662915099999999827e-02,7.194646439999999865e-01,4.635462770000000066e-01,8.887138329999999531e-01
1.781952109999999923e-01,9.600526350000000431e-01,6.099543909999999292e-01,3.172756669999999835e-01,7.079268280000000635e-01,7.007924509999999829e-01,3.204523360000000043e-01,5.000000000000000278e-02,7.027732000000000423e-02,1.000000000000000056e-01,9.685863100000000059e-02,9.346445109999999001e-01,8.260442920000000688e-01,3.296754720000000249e-01,4.325841000000000408e-03,1.995440700000000039e-02,6.930363999999999622e-03,1.952996700000000224e-02,1.326157249999999899e-01,7.355970499999999745e-01,7.397918549999999982e-01,9.664007230000000170e-01,5.363301820000000442e-01,6.259274479999999974e-01,7.028397100000000064e-01,3.096618850000000256e-01,1.662915099999999827e-02,7.194646439999999865e-01,4.635462770000000066e-01,8.887138329999999531e-01
1.746245319999999990e-01,9.549488059999999834e-01,6.036152790000000046e-01,3.185573540000000148e-01,7.198218690000000031e-01,7.007924509999999829e-01,3.204523360000000043e-01,5.000000000000000278e-02,7.027732000000000423e-02,1.000000000000000056e-01,9.685863100000000059e-02,9.278107889999999136e-01,8.142199290000000644e-01,3.202866670000000249e-01,4.325841000000000408e-03,1.995440700000000039e-02,6.930363999999999622e-03,2.829695400000000263e-02,1.311355780000000026e-01,7.298265320000000278e-01,7.397918549999999982e-01,9.664007230000000170e-01,5.363301820000000442e-01,6.259274479999999974e-01,7.028397100000000064e-01,3.096618850000000256e-01,1.662915099999999827e-02,7.194646439999999865e-01,4.635462770000000066e-01,8.887138329999999531e-01
1.767473239999999834e-01,9.568577839999999890e-01,6.068264620000000109e-01,3.270139309999999799e-01,7.348269470000000636e-01,7.007924509999999829e-01,3.204523360000000043e-01,5.000000000000000278e-02,7.027732000000000423e-02,1.000000000000000056e-01,9.685863100000000059e-02,9.445185119999999213e-01,8.188696840000000421e-01,3.396915819999999919e-01,4.325841000000000408e-03,1.995440700000000039e-02,6.930363999999999622e-03,2.178003800000000156e-02,1.158388119999999993e-01,7.437129849999999376e-01,7.397918549999999982e-01,9.664007230000000170e-01,5.363301820000000442e-01,6.259274479999999974e-01,7.028397100000000064e-01,3.096618850000000256e-01,1.662915099999999827e-02,7.194646439999999865e-01,4.635462770000000066e-01,8.887138329999999531e-01
1.864412679999999933e-01,9.757209650000000511e-01,6.019783220000000101e-01,3.306713540000000284e-01,7.207283910000000793e-01,7.007924509999999829e-01,3.204523360000000043e-01,5.000000000000000278e-02,7.027732000000000423e-02,1.000000000000000056e-01,9.685863100000000059e-02,9.404684449999999307e-01,8.250630540000000179e-01,3.198735249999999919e-01,4.325841000000000408e-03,1.995440700000000039e-02,6.930363999999999622e-03,2.896313799999999938e-02,1.073902300000000032e-01,7.398797609999999692e-01,7.397918549999999982e-01,9.664007230000000170e-01,5.363301820000000442e-01,6.259274479999999974e-01,7.028397100000000064e-01,3.096618850000000256e-01,1.662915099999999827e-02,7.194646439999999865e-01,4.635462770000000066e-01,8.887138329999999531e-01
1.927509099999999975e-01,9.704149359999999502e-01,6.023051279999999119e-01,3.334048929999999800e-01,7.223266820000000532e-01,7.007924509999999829e-01,3.204523360000000043e-01,5.000000000000000278e-02,7.027732000000000423e-02,1.000000000000000056e-01,9.685863100000000059e-02,9.182238489999999809e-01,8.304949340000000735e-01,3.402660600000000368e-01,4.325841000000000408e-03,1.995440700000000039e-02,6.930363999999999622e-03,3.290247300000000152e-02,1.342681049999999987e-01,7.342833319999999553e-01,7.397918549999999982e-01,9.664007230000000170e-01,5.363301820000000442e-01,6.259274479999999974e-01,7.028397100000000064e-01,3.096618850000000256e-01,1.662915099999999827e-02,7.194646439999999865e-01,4.635462770000000066e-01,8.887138329999999531e-01
1.982294809999999852e-01,9.649177610000000405e-01,6.073897979999999253e-01,3.281462769999999862e-01,7.136378600000000683e-01,7.007924509999999829e-01,3.204523360000000043e-01,5.000000000000000278e-02,7.027732000000000423e-02,1.000000000000000056e-01,9.685863100000000059e-02,9.357248179999999582e-01,8.203527200000000352e-01,3.290984980000000171e-01,4.325841000000000408e-03,1.995440700000000039e-02,6.930363999999999622e-03,3.172523299999999852e-02,1.188818710000000001e-01,7.532442139999999675e-01,7.397918549999999982e-01,9.664007230000000170e-01,5.363301820000000442e-01,6.259274479999999974e-01,7.028397100000000064e-01,3.096618850000000256e-01,1.662915099999999827e-02,7.194646439999999865e-01,4.635462770000000066e-01,8.887138329999999531e-01
1.801324569999999958e-01,9.633638340000000300e-01,5.947794349999999675e-01,3.373837350000000179e-01,7.288854150000000365e-01,7.007924509999999829e-01,3.204523360000000043e-01,5.000000000000000278e-02,7.027732000000000423e-02,1.000000000000000056e-01,9.685863100000000059e-02,9.207112639999999182e-01,8.288894340000000360e-01,3.328597160000000277e-01,4.325841000000000408e-03,1.995440700000000039e-02,6.930363999999999622e-03,1.047363200000000355e-02,1.289169410000000071e-01,7.286685549999999401e-01,7.397918549999999982e-01,9.664007230000000170e-01,5.363301820000000442e-01,6.259274479999999974e-01,7.028397100000000064e-01,3.096618850000000256e-01,1.662915099999999827e-02,7.194646439999999865e-01,4.635462770000000066e-01,8.887138329999999531e-01
2.026114669999999895e-01,9.777643010000000023e-01,6.192001520000000037e-01,3.292445850000000340e-01,7.345446780000000064e-01,7.007924509999999829e-01,3.204523360000000043e-01,5.000000000000000278e-02,7.027732000000000423e-02,1.000000000000000056e-01,9.685863100000000059e-02,9.338038439999999385e-01,8.116337340000000511e-01,3.380200289999999996e-01,4.325841000000000408e-03,1.995440700000000039e-02,6.930363999999999622e-03,8.219280000000002417e-03,1.180876200000000043e-01,7.349026089999999289e-01,7.397918549999999982e-01,9.664007230000000170e-01,5.363301820000000442e-01,6.259274479999999974e-01,7.028397100000000064e-01,3.096618850000000256e-01,1.662915099999999827e-02,7.194646439999999865e-01,4.635462770000000066e-01,8.887138329999999531e-01
1.802814459999999841e-01,9.591783059999999805e-01,6.111780759999999590e-01,3.206727220000000211e-01,7.117062380000001021e-01,7.007924509999999829e-01,3.204523360000000043e-01,5.000000000000000278e-02,7.027732000000000423e-02,1.000000000000000056e-01,9.685863100000000059e-02,9.261116569999999770e-01,8.200566860000000347e-01,3.379065230000000142e-01,4.325841000000000408e-03,1.995440700000000039e-02,6.930363999999999622e-03,2.386666299999999977e-02,1.124346360000000045e-01,7.468091889999999289e-01,7.397918549999999982e-01,9.664007230000000170e-01,5.363301820000000442e-01,6.259274479999999974e-01,7.028397100000000064e-01,3.096618850000000256e-01,1.662915099999999827e-02,7.194646439999999865e-01,4.635462770000000066e-01,8.887138329999999531e-01
1.753419129999999881e-01,9.635075429999999663e-01,6.064444809999999242e-01,3.365716710000000167e-01,7.197635090000000790e-01,7.007924509999999829e-01,3.204523360000000043e-01,5.000000000000000278e-02,7.027732000000000423e-02,1.000000000000000056e-01,9.685863100000000059e-02,9.449353609999999737e-01,8.159082840000000392e-01,3.461655359999999959e-01,4.325841000000000408e-03,1.995440700000000039e-02,6.930363999999999622e-03,4.339658000000003180e-03,1.201759960000000071e-01,7.458960219999999364e-01,7.397918549999999982e-01,9.664007230000000170e-01,5.363301820000000442e-01,6.259274479999999974e-01,7.028397100000000064e-01,3.096618850000000256e-01,1.662915099999999827e-02,7.194646439999999865e-01,4.635462770000000066e-01,8.887138329999999531e-01
1.834994849999999900e-01,9.697109139999999794e-01,6.119953099999999591e-01,3.400009270000000083e-01,7.349674930000000828e-01,7.007924509999999829e-01,3.204523360000000043e-01,5.000000000000000278e-02,7.027732000000000423e-02,1.000000000000000056e-01,9.685863100000000059e-02,9.200295189999999623e-01,8.258657780000000503e-01,3.292484629999999912e-01,4.325841000000000408e-03,1.995440700000000039e-02,6.930363999999999622e-03,1.947108500000000256e-02,1.338462800000000119e-01,7.288354689999999581e-01,7.397918549999999982e-01,9.664007230000000170e-01,5.363301820000000442e-01,6.259274479999999974e-01,7.028397100000000064e-01,3.096618850000000256e-01,1.662915099999999827e-02,7.194646439999999865e-01,4.635462770000000066e-01,8.887138329999999531e-01
1.939011380000000007e-01,9.658574180000000231e-01,6.050856709999999916e-01,3.142870349999999924e-01,7.341149780000000291e-01,7.007924509999999829e-01,3.204523360000000043e-01,5.000000000000000278e-02,7.027732000000000423e-02,1.000000000000000056e-01,9.685863100000000059e-02,9.164119069999999700e-01,8.292845819999999923e-01,3.394394199999999917e-01,4.325841000000000408e-03,1.995440700000000039e-02,6.930363999999999622e-03,1.473240599999999997e-02,1.316226919999999856e-01,7.473477579999999731e-01,7.397918549999999982e-01,9.664007230000000170e-01,5.363301820000000442e-01,6.259274479999999974e-01,7.028397100000000064e-01,3.096618850000000256e-01,1.662915099999999827e-02,7.194646439999999865e-01,4.635462770000000066e-01,8.887138329999999531e-01
1.879268709999999953e-01,9.594720070000000156e-01,6.005550379999999855e-01,3.286619430000000119e-01,7.294931970000000376e-01,7.007924509999999829e-01,3.204523360000000043e-01,5.000000000000000278e-02,7.027732000000000423e-02,1.000000000000000056e-01,9.685863100000000059e-02,9.319541459999999278e-01,8.281438920000000481e-01,3.423753549999999923e-01,4.325841000000000408e-03,1.995440700000000039e-02,6.930363999999999622e-03,2.555237200000000028e-02,1.214498799999999962e-01,7.411034690000000147e-01,7.397918549999999982e-01,9.664007230000000170e-01,5.363301820000000442e-01,6.259274479999999974e-01,7.028397100000000064e-01,3.096618850000000256e-01,1.662915099999999827e-02,7.194646439999999865e-01,4.635462770000000066e-01,8.887138329999999531e-01
1.793895480000000098e-01,9.556544810000000556e-01,6.043564589999999015e-01,3.256227429999999923e-01,7.347028530000000446e-01,7.007924509999999829e-01,3.204523360000000043e-01,5.000000000000000278e-02,7.027732000000000423e-02,1.000000000000000056e-01,9.685863100000000059e-02,9.363289249999999786e-01,8.026850370000000456e-01,3.323201100000000019e-01,4.325841000000000408e-03,1.995440700000000039e-02,6.930363999999999622e-03,3.329351199999999733e-02,1.345151739999999874e-01,7.276862279999999350e-01,7.397918549999999982e-01,9.664007230000000170e-01,5.363301820000000442e-01,6.259274479999999974e-01,7.028397100000000064e-01,3.096618850000000256e-01,1.662915099999999827e-02,7.194646439999999865e-01,4.635462770000000066e-01,8.887138329999999531e-01
1.954496969999999778e-01,9.620399689999999948e-01,6.089569559999999937e-01,3.404521610000000309e-01,7.128024510000000591e-01,7.007924509999999829e-01,3.204523360000000043e-01,5.000000000000000278e-02,7.027732000000000423e-02,1.000000000000000056e-01,9.685863100000000059e-02,9.333383339999999917e-01,8.122141750000000382e-01,3.226601500000000344e-01,4.325841000000000408e-03,1.995440700000000039e-02,6.930363999999999622e-03,1.469676100000000263e-02,1.358834800000000009e-01,7.330877849999999363e-01,7.397918549999999982e-01,9.664007230000000170e-01,5.363301820000000442e-01,6.259274479999999974e-01,7.028397100000000064e-01,3.096618850000000256e-01,1.662915099999999827e-02,7.194646439999999865e-01,4.635462770000000066e-01,8.887138329999999531e-01
1.852545770000000036e-01,9.679985869999999659e-01,6.126474789999999393e-01,3.234067509999999923e-01,7.098178410000000049e-01,7.007924509999999829e-01,3.204523360000000043e-01,5.000000000000000278e-02,7.027732000000000423e-02,1.000000000000000056e-01,9.685863100000000059e-02,9.216265369999999679e-01,8.290794450000000815e-01,3.311393710000000157e-01,4.325841000000000408e-03,1.995440700000000039e-02,6.930363999999999622e-03,2.199618899999999933e-02,1.246612579999999970e-01,7.257930269999999240e-01,7.397918549999999982e-01,9.664007230000000170e-01,5.363301820000000442e-01,6.259274479999999974e-01,7.028397100000000064e-01,3.096618850000000256e-01,1.662915099999999827e-02,7.194646439999999865e-01,4.635462770000000066e-01,8.887138329999999531e-01
2.000199769999999877e-01,9.742427280000000023e-01,6.145003379999999238e-01,3.421009930000000199e-01,7.340444050000000109e-01,7.007924509999999829e-01,3.204523360000000043e-01,5.000000000000000278e-02,7.027732000000000423e-02,1.000000000000000056e-01,9.685863100000000059e-02,9.329722979999999222e-01,8.273834770000000338e-01,3.420798019999999884e-01,4.325841000000000408e-03,1.995440700000000039e-02,6.930363999999999622e-03,2.336978600000000003e-02,1.149435550000000028e-01,7.254832380000000303e-01,7.397918549999999982e-01,9.664007230000000170e-01,5.363301820000000442e-01,6.259274479999999974e-01,7.028397100000000064e-01,3.096618850000000256e-01,1.662915099999999827e-02,7.194646439999999865e-01,4.635462770000000066e-01,8.887138329999999531e-01
2.020073149999999929e-01,9.525434069999999531e-01,6.017468009999999978e-01,3.282933700000000288e-01,7.133540050000000132e-01,7.007924509999999829e-01,3.204523360000000043e-01,5.000000000000000278e-02,7.027732000000000423e-02,1.000000000000000056e-01,9.685863100000000059e-02,9.340743559999999945e-01,8.171747460000000629e-01,3.428806660000000006e-01,4.325841000000000408e-03,1.995440700000000039e-02,6.930363999999999622e-03,1.288438100000000031e-02,1.242764920000000023e-01,7.266937769999999297e-01,7.397918549999999982e-01,9.664007230000000170e-01,5.363301820000000442e-01,6.259274479999999974e-01,7.028397100000000064e-01,3.096618850000000256e-01,1.662915099999999827e-02,7.194646439999999865e-01,4.635462770000000066e-01,8.887138329999999531e-01
1.890864409999999940e-01,9.709262650000000106e-01,5.961272629999999628e-01,3.137085609999999969e-01,7.109245900000000784e-01,7.007924509999999829e-01,3.204523360000000043e-01,5.000000000000000278e-02,7.027732000000000423e-02,1.000000000000000056e-01,9.685863100000000059e-02,9.183551179999999148e-01,8.073615910000000451e-01,3.270724100000000356e-01,4.325841000000000408e-03,1.995440700000000039e-02,6.930363999999999622e-03,1.305560799999999980e-02,1.096382260000000053e-01,7.350488189999999644e-01,7.397918549999999982e-01,9.664007230000000170e-01,5.363301820000000442e-01,6.259274479999999974e-01,7.028397100000000064e-01,3.096618850000000256e-01,1.662915099999999827e-02,7.194646439999999865e-01,4.635462770000000066e-01,8.887138329999999531e-01
1.909382560000000006e-01,9.689295079999999949e-01,6.226678390000000007e-01,3.369366839999999863e-01,7.250263150000000323e-01,7.007924509999999829e-01,3.204523360000000043e-01,5.000000000000000278e-02,7.027732000000000423e-02,1.000000000000000056e-01,9.685863100000000059e-02,9.424697209999999270e-01,8.038821500000000730e-01,3.410227050000000371e-01,4.325841000000000408e-03,1.995440700000000039e-02,6.930363999999999622e-03,3.193429899999999932e-02,1.356327210000000116e-01,7.287830979999999625e-01,7.397918549999999982e-01,9.664007230000000170e-01,5.363301820000000442e-01,6.259274479999999974e-01,7.028397100000000064e-01,3.096618850000000256e-01,1.662915099999999827e-02,7.194646439999999865e-01,4.635462770000000066e-01,8.887138329999999531e-01
1.799544949999999921e-01,9.767619279999999460e-01,6.040457899999999158e-01,3.143468650000000308e-01,7.274322990000000599e-01,7.007924509999999829e-01,3.204523360000000043e-01,5.000000000000000278e-02,7.027732000000000423e-02,1.000000000000000056e-01,9.685863100000000059e-02,9.266531389999999035e-01,8.218859750000000464e-01,3.216185289999999863e-01,4.325841000000000408e-03,1.995440700000000039e-02,6.930363999999999622e-03,7.824521000000000948e-03,1.198031259999999959e-01,7.461418760000000372e-01,7.397918549999999982e-01,9.664007230000000170e-01,5.363301820000000442e-01,6.259274479999999974e-01,7.028397100000000064e-01,3.096618850000000256e-01,1.662915099999999827e-02,7.194646439999999865e-01,4.635462770000000066e-01,8.887138329999999531e-01
1.792298940000000007e-01,9.640777929999999607e-01,5.958806309999999939e-01,3.362641439999999871e-01,7.251074680000000328e-01,7.007924509999999829e-01,3.204523360000000043e-01,5.000000000000000278e-02,7.027732000000000423e-02,1.000000000000000056e-01,9.685863100000000059e-02,9.392612659999999281e-01,8.209946470000000218e-01,3.388507640000000265e-01,4.325841000000000408e-03,1.995440700000000039e-02,6.930363999999999622e-03,9.769442000000003179e-03,1.145754229999999957e-01,7.513260649999999874e-01,7.397918549999999982e-01,9.664007230000000170e-01,5.363301820000000442e-01,6.259274479999999974e-01,7.028397100000000064e-01,3.096618850000000256e-01,1.662915099999999827e-02,7.194646439999999865e-01,4.635462770000000066e-01,8.887138329999999531e-01
1.835821149999999902e-01,9.722820460000000109e-01,6.130177249999999578e-01,3.161041809999999841e-01,7.301382410000000212e-01,7.007924509999999829e-01,3.204523360000000043e-01,5.000000000000000278e-02,7.027732000000000423e-02,1.000000000000000056e-01,9.685863100000000059e-02,9.209990899999999092e-01,8.264175490000000845e-01,3.234626140000000372e-01,4.325841000000000408e-03,1.995440700000000039e-02,6.930363999999999622e-03,1.835415699999999942e-02,1.166342610000000030e-01,7.470851499999999756e-01,7.397918549999999982e-01,9.664007230000000170e-01,5.363301820000000442e-01,6.259274479999999974e-01,7.028397100000000064e-01,3.096618850000000256e-01,1.662915099999999827e-02,7.194646439999999865e-01,4.635462770000000066e-01,8.887138329999999531e-01
2.028750659999999928e-01,9.566990629999999607e-01,6.048177109999999246e-01,3.423169260000000214e-01,7.131188800000000105e-01,7.007924509999999829e-01,3.204523360000000043e-01,5.000000000000000278e-02,7.027732000000000423e-02,1.000000000000000056e-01,9.685863100000000059e-02,9.204642729999999995e-01,8.175149380000000798e-01,3.339356780000000136e-01,4.325841000000000408e-03,1.995440700000000039e-02,6.930363999999999622e-03,2.463305200000000250e-02,1.102372809999999925e-01,7.310764379999999951e-01,7.397918549999999982e-01,9.664007230000000170e-01,5.363301820000000442e-01,6.259274479999999974e-01,7.028397100000000064e-01,3.096618850000000256e-01,1.662915099999999827e-02,7.194646439999999865e-01,4.635462770000000066e-01,8.887138329999999531e-01
1.872855119999999873e-01,9.727066570000000301e-01,5.984099959999999996e-01,3.228935190000000177e-01,7.190154860000000925e-01,7.007924509999999829e-01,3.204523360000000043e-01,5.000000000000000278e-02,7.027732000000000423e-02,1.000000000000000056e-01,9.685863100000000059e-02,9.418521939999999759e-01,8.168819260000000915e-01,3.370754310000000364e-01,4.325841000000000408e-03,1.995440700000000039e-02,6.930363999999999622e-03,2.451386200000000085e-02,1.299408029999999936e-01,7.464628110000000039e-01,7.397918549999999982e-01,9.664007230000000170e-01,5.363301820000000442e-01,6.259274479999999974e-01,7.028397100000000064e-01,3.096618850000000256e-01,1.662915099999999827e-02,7.194646439999999865e-01,4.635462770000000066e-01,8.887138329999999531e-01
1.980828570000000011e-01,9.655044240000000277e-01,6.224687559999999564e-01,3.252593010000000007e-01,7.329865470000000993e-01,7.007924509999999829e-01,3.204523360000000043e-01,5.000000000000000278e-02,7.027732000000000423e-02,1.000000000000000056e-01,9.685863100000000059e-02,9.265299129999999828e-01,8.298268269999999891e-01,3.284339669999999933e-01,4.325841000000000408e-03,1.995440700000000039e-02,6.930363999999999622e-03,5.006031000000001063e-03,1.247630249999999996e-01,7.502366099999999705e-01,7.397918549999999982e-01,9.664007230000000170e-01,5.363301820000000442e-01,6.259274479999999974e-01,7.028397100000000064e-01,3.096618850000000256e-01,1.662915099999999827e-02,7.194646439999999865e-01,4.635462770000000066e-01,8.887138329999999531e-01
1.920917070000000004e-01,9.693400110000000014e-01,6.002801159999999747e-01,3.249252860000000354e-01,7.127161000000000746e-01,7.007924509999999829e-01,3.204523360000000043e-01,5.000000000000000278e-02,7.027732000000000423e-02,1.000000000000000056e-01,9.685863100000000059e-02,9.262366609999999056e-01,8.303797200000000434e-01,3.348861579999999893e-01,4.325841000000000408e-03,1.995440700000000039e-02,6.930363999999999622e-03,9.345366000000000783e-03,1.324755679999999880e-01,7.376735269999999955e-01,7.397918549999999982e-01,9.664007230000000170e-01,5.363301820000000442e-01,6.259274479999999974e-01,7.028397100000000064e-01,3.096618850000000256e-01,1.662915099999999827e-02,7.194646439999999865e-01,4.635462770000000066e-01,8.887138329999999531e-01
1.756793479999999852e-01,9.583917220000000015e-01,5.968612999999999280e-01,3.308664749999999932e-01,7.149181589999999975e-01,7.007924509999999829e-01,3.204523360000000043e-01,5.000000000000000278e-02,7.027732000000000423e-02,1.000000000000000056e-01,9.685863100000000059e-02,9.353085329999999420e-01,8.115984320000000363e-01,3.411913220000000191e-01,4.325841000000000408e-03,1.995440700000000039e-02,6.930363999999999622e-03,4.494173000000004081e-03,1.233158300000000013e-01,7.344949130000000270e-01,7.397918549999999982e-01,9.664007230000000170e-01,5.363301820000000442e-01,6.259274479999999974e-01,7.028397100000000064e-01,3.096618850000000256e-01,1.662915099999999827e-02,7.194646439999999865e-01,4.635462770000000066e-01,8.887138329999999531e-01
1.781148399999999965e-01,9.520037930000000426e-01,6.015316619999999670e-01,3.313671080000000213e-01,7.224439110000000497e-01,7.007924509999999829e-01,3.204523360000000043e-01,5.000000000000000278e-02,7.027732000000000423e-02,1.000000000000000056e-01,9.685863100000000059e-02,9.280632729999999109e-01,8.056976170000000881e-01,3.203222660000000221e-01,4.325841000000000408e-03,1.995440700000000039e-02,6.930363999999999622e-03,1.583692400000000222e-02,1.288703770000000082e-01,7.261807579999999263e-01,7.397918549999999982e-01,9.664007230000000170e-01,5.363301820000000442e-01,6.259274479999999974e-01,7.028397100000000064e-01,3.096618850000000256e-01,1.662915099999999827e-02,7.194646439999999865e-01,4.635462770000000066e-01,8.887138329999999531e-01
1.856531029999999860e-01,9.622397059999999724e-01,6.096826079999999592e-01,3.396948000000000190e-01,7.192016870000000894e-01,7.007924509999999829e-01,3.204523360000000043e-01,5.000000000000000278e-02,7.027732000000000423e-02,1.000000000000000056e-01,9.685863100000000059e-02,9.349428609999999029e-01,8.153733480000000533e-01,3.477158390000000265e-01,4.325841000000000408e-03,1.995440700000000039e-02,6.930363999999999622e-03,2.712799200000000008e-02,1.271859059999999875e-01,7.324035340000000227e-01,7.397918549999999982e-01,9.664007230000000170e-01,5.363301820000000442e-01,6.259274479999999974e-01,7.028397100000000064e-01,3.096618850000000256e-01,1.662915099999999827e-02,7.194646439999999865e-01,4.635462770000000066e-01,8.887138329999999531e-01
2.025442159999999991e-01,9.710386930000000083e-01,6.196416969999999358e-01,3.146472379999999958e-01,7.330793670000000928e-01,7.007924509999999829e-01,3.204523360000000043e-01,5.000000000000000278e-02,7.027732000000000423e-02,1.000000000000000056e-01,9.685863100000000059e-02,9.171441589999999033e-01,8.272261890000000006e-01,3.243371270000000028e-01,4.325841000000000408e-03,1.995440700000000039e-02,6.930363999999999622e-03,2.128877399999999989e-02,1.178962779999999932e-01,7.507245940000000228e-01,7.397918549999999982e-01,9.664007230000000170e-01,5.363301820000000442e-01,6.259274479999999974e-01,7.028397100000000064e-01,3.096618850000000256e-01,1.662915099999999827e-02,7.194646439999999865e-01,4.635462770000000066e-01,8.887138329999999531e-01
1.943987070000000039e-01,9.679075499999999499e-01,6.199663229999999858e-01,3.183622720000000017e-01,7.081874560000001040e-01,7.007924509999999829e-01,3.204523360000000043e-01,5.000000000000000278e-02,7.027732000000000423e-02,1.000000000000000056e-01,9.685863100000000059e-02,9.435077789999999354e-01,8.051210940000000926e-01,3.416214909999999993e-01,4.325841000000000408e-03,1.995440700000000039e-02,6.930363999999999622e-03,1.592908700000000149e-02,1.127034930000000018e-01,7.512686800000000220e-01,7.397918549999999982e-01,9.664007230000000170e-01,5.363301820000000442e-01,6.259274479999999974e-01,7.028397100000000064e-01,3.096618850000000256e-01,1.662915099999999827e-02,7.194646439999999865e-01,4.635462770000000066e-01,8.887138329999999531e-01
1.896965029999999885e-01,9.705272700000000530e-01,5.941401459999999801e-01,3.193909930000000119e-01,7.188047330000000290e-01,7.007924509999999829e-01,3.204523360000000043e-01,5.000000000000000278e-02,7.027732000000000423e-02,1.000000000000000056e-01,9.685863100000000059e-02,9.176663369999999986e-01,8.195578100000000532e-01,3.371813240000000045e-01,4.325841000000000408e-03,1.995440700000000039e-02,6.930363999999999622e-03,2.076574800000000054e-02,1.076562000000000074e-01,7.336301250000000218e-01,7.397918549999999982e-01,9.664007230000000170e-01,5.363301820000000442e-01,6.259274479999999974e-01,7.028397100000000064e-01,3.096618850000000256e-01,1.662915099999999827e-02,7.194646439999999865e-01,4.635462770000000066e-01,8.887138329999999531e-01
1.790086710000000081e-01,9.745488690000000398e-01,5.984370109999999077e-01,3.210739710000000136e-01,7.205293480000000139e-01,7.007924509999999829e-01,3.204523360000000043e-01,5.000000000000000278e-02,7.027732000000000423e-02,1.000000000000000056e-01,9.685863100000000059e-02,9.255283930000000048e-01,8.179310680000000389e-01,3.303088949999999913e-01,4.325841000000000408e-03,1.995440700000000039e-02,6.930363999999999622e-03,1.255624799999999902e-02,1.219199470000000007e-01,7.249196079999999931e-01,7.397918549999999982e-01,9.664007230000000170e-01,5.363301820000000442e-01,6.259274479999999974e-01,7.028397100000000064e-01,3.096618850000000256e-01,1.662915099999999827e-02,7.194646439999999865e-01,4.635462770000000066e-01,8.887138329999999531e-01
2.006377869999999841e-01,9.480762679999999998e-01,6.198940799999999030e-01,3.322351960000000104e-01,7.254215240000000398e-01,7.007924509999999829e-01,3.204523360000000043e-01,5.000000000000000278e-02,7.027732000000000423e-02,1.000000000000000056e-01,9.685863100000000059e-02,9.193865749999999837e-01,8.289508060000000400e-01,3.318615860000000417e-01,4.325841000000000408e-03,1.995440700000000039e-02,6.930363999999999622e-03,2.052293500000000256e-02,1.233742909999999970e-01,7.363428100000000143e-01,7.397918549999999982e-01,9.664007230000000170e-01,5.363301820000000442e-01,6.259274479999999974e-01,7.028397100000000064e-01,3.096618850000000256e-01,1.662915099999999827e-02,7.194646439999999865e-01,4.635462770000000066e-01,8.887138329999999531e-01
1.947670890000000044e-01,9.527259590000000111e-01,5.974538289999999918e-01,3.202495639999999866e-01,7.275364310000000945e-01,7.007924509999999829e-01,3.204523360000000043e-01,5.000000000000000278e-02,7.027732000000000423e-02,1.000000000000000056e-01,9.685863100000000059e-02,9.437911929999999172e-01,8.025692040000000915e-01,3.440706279999999895e-01,4.325841000000000408e-03,1.995440700000000039e-02,6.930363999999999622e-03,1.746187100000000034e-02,1.160786310000000016e-01,7.523794019999999749e-01,7.397918549999999982e-01,9.664007230000000170e-01,5.363301820000000442e-01,6.259274479999999974e-01,7.028397100000000064e-01,3.096618850000000256e-01,1.662915099999999827e-02,7.194646439999999865e-01,4.635462770000000066e-01,8.887138329999999531e-01
1.882423119999999950e-01,9.535814470000000265e-01,6.184902459999999103e-01,3.177403530000000309e-01,7.186177350000000352e-01,7.007924509999999829e-01,3.204523360000000043e-01,5.000000000000000278e-02,7.027732000000000423e-02,1.000000000000000056e-01,9.685863100000000059e-02,9.225944619999999485e-01,8.296136460000000934e-01,3.454637600000000086e-01,4.325841000000000408e-03,1.995440700000000039e-02,6.930363999999999622e-03,1.430020300000000091e-02,1.222036989999999990e-01,7.423762999999999890e-01,7.397918549999999982e-01,9.664007230000000170e-01,5.363301820000000442e-01,6.259274479999999974e-01,7.028397100000000064e-01,3.096618850000000256e-01,1.662915099999999827e-02,7.194646439999999865e-01,4.635462770000000066e-01,8.887138329999999531e-01
1.811258349999999850e-01,9.554421760000000319e-01,6.004320180000000118e-01,3.392414750000000145e-01,7.129150780000000909e-01,7.007924509999999829e-01,3.204523360000000043e-01,5.000000000000000278e-02,7.027732000000000423e-02,1.000000000000000056e-01,9.685863100000000059e-02,9.440672849999999228e-01,8.284387910000000632e-01,3.392489650000000134e-01,4.325841000000000408e-03,1.995440700000000039e-02,6.930363999999999622e-03,1.107068099999999888e-02,1.088344380000000056e-01,7.483028999999999931e-01,7.397918549999999982e-01,9.664007230000000170e-01,5.363301820000000442e-01,6.259274479999999974e-01,7.028397100000000064e-01,3.096618850000000256e-01,1.662915099999999827e-02,7.194646439999999865e-01,4.635462770000000066e-01,8.887138329999999531e-01
1.842027410000000032e-01,9.494352950000000124e-01,6.079985139999999344e-01,3.389335580000000236e-01,7.135035830000000523e-01,7.007924509999999829e-01,3.204523360000000043e-01,5.000000000000000278e-02,7.027732000000000423e-02,1.000000000000000056e-01,9.685863100000000059e-02,9.317945579999999950e-01,8.028460980000000635e-01,3.210292989999999902e-01,4.325841000000000408e-03,1.995440700000000039e-02,6.930363999999999622e-03,2.916441399999999962e-02,1.114135049999999960e-01,7.470655800000000069e-01,7.397918549999999982e-01,9.664007230000000170e-01,5.363301820000000442e-01,6.259274479999999974e-01,7.028397100000000064e-01,3.096618850000000256e-01,1.662915099999999827e-02,7.194646439999999865e-01,4.635462770000000066e-01,8.887138329999999531e-01
1.935879809999999923e-01,9.748776999999999582e-01,6.015659509999999877e-01,3.263915970000000333e-01,7.240437910000000477e-01,7.007924509999999829e-01,3.204523360000000043e-01,5.000000000000000278e-02,7.027732000000000423e-02,1.000000000000000056e-01,9.685863100000000059e-02,9.228390289999999219e-01,8.233999940000000795e-01,3.351535200000000381e-01,4.325841000000000408e-03,1.995440700000000039e-02,6.930363999999999622e-03,2.259084299999999934e-02,1.302454499999999848e-01,7.386493640000000305e-01,7.397918549999999982e-01,9.664007230000000170e-01,5.363301820000000442e-01,6.259274479999999974e-01,7.028397100000000064e-01,3.096618850000000256e-01,1.662915099999999827e-02,7.194646439999999865e-01,4.635462770000000066e-01,8.887138329999999531e-01
1.946355859999999993e-01,9.608692690000000258e-01,6.111424619999999974e-01,3.246282220000000218e-01,7.352806250000000210e-01,7.007924509999999829e-01,3.204523360000000043e-01,5.000000000000000278e-02,7.027732000000000423e-02,1.000000000000000056e-01,9.685863100000000059e-02,9.351323849999999549e-01,8.094731540000000836e-01,3.230866470000000046e-01,4.325841000000000408e-03,1.995440700000000039e-02,6.930363999999999622e-03,2.877571200000000190e-02,1.168480409999999997e-01,7.379921710000000301e-01,7.397918549999999982e-01,9.664007230000000170e-01,5.363301820000000442e-01,6.259274479999999974e-01,7.028397100000000064e-01,3.096618850000000256e-01,1.662915099999999827e-02,7.194646439999999865e-01,4.635462770000000066e-01,8.887138329999999531e-01
1.853725689999999870e-01,9.598413780000000228e-01,6.105624839999999054e-01,3.279933780000000021e-01,7.363692780000000715e-01,7.007924509999999829e-01,3.204523360000000043e-01,5.000000000000000278e-02,7.027732000000000423e-02,1.000000000000000056e-01,9.685863100000000059e-02,9.270795009999999170e-01,8.217145490000000718e-01,3.278369389999999939e-01,4.325841000000000408e-03,1.995440700000000039e-02,6.930363999999999622e-03,2.505801600000000240e-02,1.192244999999999971e-01,7.451117969999999646e-01,7.397918549999999982e-01,9.664007230000000170e-01,5.363301820000000442e-01,6.259274479999999974e-01,7.028397100000000064e-01,3.096618850000000256e-01,1.662915099999999827e-02,7.194646439999999865e-01,4.635462770000000066e-01,8.887138329999999531e-01
1.838892199999999921e-01,9.534057719999999847e-01,6.190786869999999054e-01,3.341992750000000179e-01,7.245360510000000698e-01,7.007924509999999829e-01,3.204523360000000043e-01,5.000000000000000278e-02,7.027732000000000423e-02,1.000000000000000056e-01,9.685863100000000059e-02,9.264919899999999320e-01,8.272577950000000735e-01,3.380993220000000354e-01,4.325841000000000408e-03,1.995440700000000039e-02,6.930363999999999622e-03,1.440542000000000211e-02,1.352975959999999922e-01,7.283037829999999824e-01,7.397918549999999982e-01,9.664007230000000170e-01,5.363301820000000442e-01,6.259274479999999974e-01,7.028397100000000064e-01,3.096618850000000256e-01,1.662915099999999827e-02,7.194646439999999865e-01,4.635462770000000066e-01,8.887138329999999531e-01
1.887072599999999878e-01,9.545464630000000117e-01,6.171073639999999916e-01,3.370616770000000040e-01,7.355230289999999949e-01,7.007924509999999829e-01,3.204523360000000043e-01,5.000000000000000278e-02,7.027732000000000423e-02,1.000000000000000056e-01,9.685863100000000059e-02,9.412706349999999667e-01,8.054124540000000554e-01,3.349394030000000244e-01,4.325841000000000408e-03,1.995440700000000039e-02,6.930363999999999622e-03,7.173351000000001421e-03,1.208312780000000003e-01,7.395349799999999529e-01,7.397918549999999982e-01,9.664007230000000170e-01,5.363301820000000442e-01,6.259274479999999974e-01,7.028397100000000064e-01,3.096618850000000256e-01,1.662915099999999827e-02,7.194646439999999865e-01,4.635462770000000066e-01,8.887138329999999531e-01
1.831919709999999812e-01,9.710792599999999997e-01,6.211517819999999857e-01,3.219871750000000143e-01,7.204314890000000915e-01,7.007924509999999829e-01,3.204523360000000043e-01,5.000000000000000278e-02,7.027732000000000423e-02,1.000000000000000056e-01,9.685863100000000059e-02,9.332454759999999627e-01,8.055917670000000141e-01,3.464546260000000433e-01,4.325841000000000408e-03,1.995440700000000039e-02,6.930363999999999622e-03,1.328675900000000215e-02,1.337395319999999943e-01,7.535649329999999368e-01,7.397918549999999982e-01,9.664007230000000170e-01,5.363301820000000442e-01,6.259274479999999974e-01,7.028397100000000064e-01,3.096618850000000256e-01,1.662915099999999827e-02,7.194646439999999865e-01,4.635462770000000066e-01,8.887138329999999531e-01
1.925523499999999832e-01,9.623988989999999744e-01,6.162398329999999591e-01,3.246568180000000137e-01,7.259731820000000502e-01,7.007924509999999829e-01,3.204523360000000043e-01,5.000000000000000278e-02,7.027732000000000423e-02,1.000000000000000056e-01,9.685863100000000059e-02,9.222238659999999477e-01,8.247663250000000223e-01,3.204659310000000372e-01,4.325841000000000408e-03,1.995440700000000039e-02,6.930363999999999622e-03,2.597713700000000084e-02,1.275864519999999891e-01,7.402173789999999531e-01,7.397918549999999982e-01,9.664007230000000170e-01,5.363301820000000442e-01,6.259274479999999974e-01,7.028397100000000064e-01,3.096618850000000256e-01,1.662915099999999827e-02,7.194646439999999865e-01,4.635462770000000066e-01,8.887138329999999531e-01
1.866762160000000059e-01,9.526593530000000420e-01,6.110111719999999913e-01,3.130834120000000054e-01,7.327496960000000614e-01,7.007924509999999829e-01,3.204523360000000043e-01,5.000000000000000278e-02,7.027732000000000423e-02,1.000000000000000056e-01,9.685863100000000059e-02,9.326159809999999828e-01,8.252374230000000255e-01,3.208471430000000013e-01,4.325841000000000408e-03,1.995440700000000039e-02,6.930363999999999622e-03,2.106650700000000168e-02,1.248524230000000040e-01,7.497588020000000020e-01,7.397918549999999982e-01,9.664007230000000170e-01,5.363301820000000442e-01,6.259274479999999974e-01,7.028397100000000064e-01,3.096618850000000256e-01,1.662915099999999827e-02,7.194646439999999865e-01,4.635462770000000066e-01,8.887138329999999531e-01
1.885195699999999974e-01,9.593942920000000374e-01,5.935290949999999510e-01,3.179863680000000192e-01,7.091244660000000088e-01,7.007924509999999829e-01,3.204523360000000043e-01,5.000000000000000278e-02,7.027732000000000423e-02,1.000000000000000056e-01,9.685863100000000059e-02,9.208137339999999949e-01,8.028728980000000570e-01,3.408033890000000121e-01,4.325841000000000408e-03,1.995440700000000039e-02,6.930363999999999622e-03,8.390288000000002688e-03,1.167260509999999973e-01,7.343642980000000264e-01,7.397918549999999982e-01,9.664007230000000170e-01,5.363301820000000442e-01,6.259274479999999974e-01,7.028397100000000064e-01,3.096618850000000256e-01,1.662915099999999827e-02,7.194646439999999865e-01,4.635462770000000066e-01,8.887138329999999531e-01
2.008313019999999893e-01,9.746806679999999723e-01,5.989370479999999164e-01,3.224381299999999895e-01,7.142514600000000602e-01,7.007924509999999829e-01,3.204523360000000043e-01,5.000000000000000278e-02,7.027732000000000423e-02,1.000000000000000056e-01,9.685863100000000059e-02,9.373899249999999572e-01,8.265438820000000630e-01,3.474525010000000247e-01,4.325841000000000408e-03,1.995440700000000039e-02,6.930363999999999622e-03,1.887580600000000192e-02,1.264589170000000040e-01,7.487337429999999516e-01,7.397918549999999982e-01,9.664007230000000170e-01,5.363301820000000442e-01,6.259274479999999974e-01,7.028397100000000064e-01,3.096618850000000256e-01,1.662915099999999827e-02,7.194646439999999865e-01,4.635462770000000066e-01,8.887138329999999531e-01
1.802808209999999800e-01,9.511459239999999760e-01,6.205109869999999583e-01,3.352280140000000186e-01,7.265199700000000149e-01,7.007924509999999829e-01,3.204523360000000043e-01,5.000000000000000278e-02,7.027732000000000423e-02,1.000000000000000056e-01,9.685863100000000059e-02,9.279146319999999060e-01,8.242237629999999982e-01,3.259758050000000074e-01,4.325841000000000408e-03,1.995440700000000039e-02,6.930363999999999622e-03,2.579822300000000207e-02,1.320734570000000052e-01,7.301231689999999608e-01,7.397918549999999982e-01,9.664007230000000170e-01,5.363301820000000442e-01,6.259274479999999974e-01,7.028397100000000064e-01,3.096618850000000256e-01,1.662915099999999827e-02,7.194646439999999865e-01,4.635462770000000066e-01,8.887138329999999531e-01
1.910665149999999923e-01,9.612088330000000402e-01,6.041819649999999875e-01,3.274671219999999994e-01,7.337520920000000224e-01,7.007924509999999829e-01,3.204523360000000043e-01,5.000000000000000278e-02,7.027732000000000423e-02,1.000000000000000056e-01,9.685863100000000059e-02,9.312487019999999838e-01,8.197327610000000320e-01,3.206799160000000093e-01,4.325841000000000408e-03,1.995440700000000039e-02,6.930363999999999622e-03,1.207631600000000360e-02,1.079915280000000033e-01,7.335898220000000025e-01,7.397918549999999982e-01,9.664007230000000170e-01,5.363301820000000442e-01,6.259274479999999974e-01,7.028397100000000064e-01,3.096618850000000256e-01,1.662915099999999827e-02,7.194646439999999865e-01,4.635462770000000066e-01,8.887138329999999531e-01
1.733918230000000005e-01,9.772136000000000156e-01,6.022018519999999819e-01,3.379773509999999814e-01,7.090727480000000860e-01,7.007924509999999829e-01,3.204523360000000043e-01,5.000000000000000278e-02,7.027732000000000423e-02,1.000000000000000056e-01,9.685863100000000059e-02,9.459678559999999958e-01,8.181049410000000854e-01,3.343637070000000100e-01,4.325841000000000408e-03,1.995440700000000039e-02,6.930363999999999622e-03,3.269413300000000022e-02,1.125759859999999890e-01,7.244331889999999774e-01,7.397918549999999982e-01,9.664007230000000170e-01,5.363301820000000442e-01,6.259274479999999974e-01,7.028397100000000064e-01,3.096618850000000256e-01,1.662915099999999827e-02,7.194646439999999865e-01,4.635462770000000066e-01,8.887138329999999531e-01
1.928308460000000002e-01,9.715080280000000235e-01,6.175731589999999827e-01,3.223106930000000370e-01,7.151121200000000178e-01,7.007924509999999829e-01,3.204523360000000043e-01,5.000000000000000278e-02,7.027732000000000423e-02,1.000000000000000056e-01,9.685863100000000059e-02,9.401913219999999960e-01,8.087590180000000517e-01,3.376371390000000305e-01,4.325841000000000408e-03,1.995440700000000039e-02,6.930363999999999622e-03,1.779008300000000167e-02,1.140050930000000018e-01,7.457247009999999898e-01,7.397918549999999982e-01,9.664007230000000170e-01,5.363301820000000442e-01,6.259274479999999974e-01,7.028397100000000064e-01,3.096618850000000256e-01,1.662915099999999827e-02,7.194646439999999865e-01,4.635462770000000066e-01,8.887138329999999531e-01
1.828854040000000014e-01,9.729812709999999809e-01,6.071426329999999316e-01,3.250851490000000177e-01,7.277845600000000248e-01,7.007924509999999829e-01,3.204523360000000043e-01,5.000000000000000278e-02,7.027732000000000423e-02,1.000000000000000056e-01,9.685863100000000059e-02,9.191919679999999149e-01,8.109180850000000662e-01,3.430300709999999920e-01,4.325841000000000408e-03,1.995440700000000039e-02,6.930363999999999622e-03,3.111063500000000107e-02,1.258408099999999974e-01,7.444818960000000319e-01,7.397918549999999982e-01,9.664007230000000170e-01,5.363301820000000442e-01,6.259274479999999974e-01,7.028397100000000064e-01,3.096618850000000256e-01,1.662915099999999827e-02,7.194646439999999865e-01,4.635462770000000066e-01,8.887138329999999531e-01
1.812444659999999930e-01,9.522916399999999948e-01,6.087084520000000110e-01,3.378475810000000079e-01,7.285427380000000230e-01,7.007924509999999829e-01,3.204523360000000043e-01,5.000000000000000278e-02,7.027732000000000423e-02,1.000000000000000056e-01,9.685863100000000059e-02,9.178476329999999406e-01,8.255239830000000723e-01,3.209803190000000139e-01,4.325841000000000408e-03,1.995440700000000039e-02,6.930363999999999622e-03,2.097991199999999987e-02,1.285768300000000031e-01,7.280539149999999404e-01,7.397918549999999982e-01,9.664007230000000170e-01,5.363301820000000442e-01,6.259274479999999974e-01,7.028397100000000064e-01,3.096618850000000256e-01,1.662915099999999827e-02,7.194646439999999865e-01,4.635462770000000066e-01,8.887138329999999531e-01
1.999459789999999959e-01,9.521417899999999879e-01,5.998414930000000034e-01,3.401338160000000332e-01,7.263312190000000834e-01,7.007924509999999829e-01,3.204523360000000043e-01,5.000000000000000278e-02,7.027732000000000423e-02,1.000000000000000056e-01,9.685863100000000059e-02,9.184695169999999020e-01,8.081264260000000643e-01,3.245322870000000304e-01,4.325841000000000408e-03,1.995440700000000039e-02,6.930363999999999622e-03,5.678877999999998316e-03,1.317930900000000016e-01,7.350748069999999412e-01,7.397918549999999982e-01,9.664007230000000170e-01,5.363301820000000442e-01,6.259274479999999974e-01,7.028397100000000064e-01,3.096618850000000256e-01,1.662915099999999827e-02,7.194646439999999865e-01,4.635462770000000066e-01,8.887138329999999531e-01
1.944690989999999786e-01,9.542347190000000090e-01,5.976319909999999735e-01,3.125480689999999839e-01,7.214941690000000740e-01,7.007924509999999829e-01,3.204523360000000043e-01,5.000000000000000278e-02,7.027732000000000423e-02,1.000000000000000056e-01,9.685863100000000059e-02,9.246523159999999741e-01,8.097176270000000509e-01,3.193716260000000196e-01,4.325841000000000408e-03,1.995440700000000039e-02,6.930363999999999622e-03,1.760925699999999969e-02,1.118633230000000006e-01,7.442067270000000123e-01,7.397918549999999982e-01,9.664007230000000170e-01,5.363301820000000442e-01,6.259274479999999974e-01,7.028397100000000064e-01,3.096618850000000256e-01,1.662915099999999827e-02,7.194646439999999865e-01,4.635462770000000066e-01,8.887138329999999531e-01
1.845225359999999870e-01,9.719290879999999966e-01,6.161243809999999987e-01,3.262021700000000135e-01,7.166565639999999959e-01,7.007924509999999829e-01,3.204523360000000043e-01,5.000000000000000278e-02,7.027732000000000423e-02,1.000000000000000056e-01,9.685863100000000059e-02,9.297828599999999888e-01,8.070846530000000962e-01,3.422346780000000144e-01,4.325841000000000408e-03,1.995440700000000039e-02,6.930363999999999622e-03,8.986540000000001194e-03,1.349123349999999943e-01,7.424024569999999601e-01,7.397918549999999982e-01,9.664007230000000170e-01,5.363301820000000442e-01,6.259274479999999974e-01,7.028397100000000064e-01,3.096618850000000256e-01,1.662915099999999827e-02,7.194646439999999865e-01,4.635462770000000066e-01,8.887138329999999531e-01
1.851779469999999816e-01,9.575058279999999478e-01,6.145343540000000049e-01,3.417618190000000222e-01,7.300919860000000261e-01,7.007924509999999829e-01,3.204523360000000043e-01,5.000000000000000278e-02,7.027732000000000423e-02,1.000000000000000056e-01,9.685863100000000059e-02,9.368991309999999961e-01,8.105313840000000214e-01,3.258431420000000300e-01,4.325841000000000408e-03,1.995440700000000039e-02,6.930363999999999622e-03,2.613696199999999970e-02,1.120513669999999989e-01,7.239027009999999818e-01,7.397918549999999982e-01,9.664007230000000170e-01,5.363301820000000442e-01,6.259274479999999974e-01,7.028397100000000064e-01,3.096618850000000256e-01,1.662915099999999827e-02,7.194646439999999865e-01,4.635462770000000066e-01,8.887138329999999531e-01
1.930858069999999982e-01,9.758981429999999957e-01,5.945947239999999079e-01,3.174336460000000137e-01,7.368219250000000997e-01,7.007924509999999829e-01,3.204523360000000043e-01,5.000000000000000278e-02,7.027732000000000423e-02,1.000000000000000056e-01,9.685863100000000059e-02,9.386095009999999572e-01,8.131499110000000030e-01,3.220950479999999949e-01,4.325841000000000408e-03,1.995440700000000039e-02,6.930363999999999622e-03,9.965162999999999105e-03,1.225118969999999946e-01,7.359686639999999391e-01,7.397918549999999982e-01,9.664007230000000170e-01,5.363301820000000442e-01,6.259274479999999974e-01,7.028397100000000064e-01,3.096618850000000256e-01,1.662915099999999827e-02,7.194646439999999865e-01,4.635462770000000066e-01,8.887138329999999531e-01
1.957506880000000060e-01,9.550336900000000462e-01,5.991463979999999134e-01,3.344983100000000209e-01,7.255338680000000817e-01,7.007924509999999829e-01,3.204523360000000043e-01,5.000000000000000278e-02,7.027732000000000423e-02,1.000000000000000056e-01,9.685863100000000059e-02,9.324499490000000002e-01,8.162224940000000206e-01,3.272324710000000247e-01,4.325841000000000408e-03,1.995440700000000039e-02,6.930363999999999622e-03,5.318755000000001398e-03,1.346978869999999884e-01,7.384343039999999858e-01,7.397918549999999982e-01,9.664007230000000170e-01,5.363301820000000442e-01,6.259274479999999974e-01,7.028397100000000064e-01,3.096618850000000256e-01,1.662915099999999827e-02,7.194646439999999865e-01,4.635462770000000066e-01,8.887138329999999531e-01
1.840926639999999892e-01,9.478218969999999688e-01,6.054023379999999843e-01,3.164013850000000350e-01,7.360011250000000338e-01,7.007924509999999829e-01,3.204523360000000043e-01,5.000000000000000278e-02,7.027732000000000423e-02,1.000000000000000056e-01,9.685863100000000059e-02,9.461168529999999244e-01,8.308969590000000460e-01,3.361784260000000302e-01,4.325841000000000408e-03,1.995440700000000039e-02,6.930363999999999622e-03,1.802418700000000054e-02,1.282451769999999880e-01,7.530608669999999671e-01,7.397918549999999982e-01,9.664007230000000170e-01,5.363301820000000442e-01,6.259274479999999974e-01,7.028397100000000064e-01,3.096618850000000256e-01,1.662915099999999827e-02,7.194646439999999865e-01,4.635462770000000066e-01,8.887138329999999531e-01
1.881562829999999797e-01,9.671840689999999796e-01,6.149582789999999966e-01,3.278238720000000161e-01,7.281390760000000517e-01,7.007924509999999829e-01,3.204523360000000043e-01,5.000000000000000278e-02,7.027732000000000423e-02,1.000000000000000056e-01,9.685863100000000059e-02,9.252379029999999727e-01,8.231707770000000757e-01,3.267327830000000266e-01,4.325841000000000408e-03,1.995440700000000039e-02,6.930363999999999622e-03,1.005214599999999792e-02,1.292918419999999902e-01,7.314819249999999773e-01,7.397918549999999982e-01,9.664007230000000170e-01,5.363301820000000442e-01,6.259274479999999974e-01,7.028397100000000064e-01,3.096618850000000256e-01,1.662915099999999827e-02,7.194646439999999865e-01,4.635462770000000066e-01,8.887138329999999531e-01
1.742523589999999956e-01,9.562196349999999567e-01,6.029985239999999802e-01,3.213423799999999830e-01,7.336869550000000295e-01,7.007924509999999829e-01,3.204523360000000043e-01,5.000000000000000278e-02,7.027732000000000423e-02,1.000000000000000056e-01,9.685863100000000059e-02,9.201987899999999332e-01,8.098784940000000043e-01,3.473169360000000205e-01,4.325841000000000408e-03,1.995440700000000039e-02,6.930363999999999622e-03,3.414298100000000280e-02,1.070589559999999968e-01,7.290136640000000057e-01,7.397918549999999982e-01,9.664007230000000170e-01,5.363301820000000442e-01,6.259274479999999974e-01,7.028397100000000064e-01,3.096618850000000256e-01,1.662915099999999827e-02,7.194646439999999865e-01,4.635462770000000066e-01,8.887138329999999531e-01
1.818932199999999944e-01,9.665486469999999830e-01,6.091001139999999703e-01,3.150406130000000249e-01,7.125182730000000353e-01,7.007924509999999829e-01,3.204523360000000043e-01,5.000000000000000278e-02,7.027732000000000423e-02,1.000000000000000056e-01,9.685863100000000059e-02,9.434143389999999352e-01,8.117996100000000048e-01,3.308938940000000217e-01,4.325841000000000408e-03,1.995440700000000039e-02,6.930363999999999622e-03,2.149921000000000124e-02,1.077983660000000066e-01,7.317210899999999629e-01,7.397918549999999982e-01,9.664007230000000170e-01,5.363301820000000442e-01,6.259274479999999974e-01,7.028397100000000064e-01,3.096618850000000256e-01,1.662915099999999827e-02,7.194646439999999865e-01,4.635462770000000066e-01,8.887138329999999531e-01
1.752057019999999909e-01,9.727477810000000336e-01,6.193454429999999400e-01,3.152187210000000350e-01,7.232520540000000331e-01,7.007924509999999829e-01,3.204523360000000043e-01,5.000000000000000278e-02,7.027732000000000423e-02,1.000000000000000056e-01,9.685863100000000059e-02,9.211304149999999247e-01,8.153033000000000641e-01,3.229576740000000279e-01,4.325841000000000408e-03,1.995440700000000039e-02,6.930363999999999622e-03,2.905590300000000098e-02,1.194684089999999976e-01,7.489242010000000116e-01,7.397918549999999982e-01,9.664007230000000170e-01,5.363301820000000442e-01,6.259274479999999974e-01,7.028397100000000064e-01,3.096618850000000256e-01,1.662915099999999827e-02,7.194646439999999865e-01,4.635462770000000066e-01,8.887138329999999531e-01
1.784431810000000063e-01,9.641538330000000157e-01,6.220699839999999092e-01,3.303712899999999841e-01,7.271413590000000982e-01,7.007924509999999829e-01,3.204523360000000043e-01,5.000000000000000278e-02,7.027732000000000423e-02,1.000000000000000056e-01,9.685863100000000059e-02,9.341769629999999713e-01,8.142972230000000700e-01,3.187303479999999967e-01,4.325841000000000408e-03,1.995440700000000039e-02,6.930363999999999622e-03,1.081521500000000302e-02,1.256048049999999860e-01,7.339372299999999960e-01,7.397918549999999982e-01,9.664007230000000170e-01,5.363301820000000442e-01,6.259274479999999974e-01,7.028397100000000064e-01,3.096618850000000256e-01,1.662915099999999827e-02,7.194646439999999865e-01,4.635462770000000066e-01,8.887138329999999531e-01
1.868020839999999794e-01,9.551407469999999567e-01,6.008541880000000113e-01,3.276361650000000347e-01,7.103189120000000800e-01,7.007924509999999829e-01,3.204523360000000043e-01,5.000000000000000278e-02,7.027732000000000423e-02,1.000000000000000056e-01,9.685863100000000059e-02,9.282597280000000062e-01,8.141056700000000035e-01,3.453457759999999932e-01,4.325841000000000408e-03,1.995440700000000039e-02,6.930363999999999622e-03,1.483266800000000024e-02,1.206188109999999925e-01,7.487840740000000217e-01,7.397918549999999982e-01,9.664007230000000170e-01,5.363301820000000442e-01,6.259274479999999974e-01,7.028397100000000064e-01,3.096618850000000256e-01,1.662915099999999827e-02,7.194646439999999865e-01,4.635462770000000066e-01,8.887138329999999531e-01
1.846852370000000021e-01,9.745115450000000346e-01,5.963595459999999626e-01,3.298359190000000329e-01,7.230327090000000512e-01,7.007924509999999829e-01,3.204523360000000043e-01,5.000000000000000278e-02,7.027732000000000423e-02,1.000000000000000056e-01,9.685863100000000059e-02,9.301308339999999619e-01,8.093876960000000453e-01,3.273970260000000354e-01,4.325841000000000408e-03,1.995440700000000039e-02,6.930363999999999622e-03,4.972429000000000432e-03,1.072345440000000011e-01,7.533968490000000351e-01,7.397918549999999982e-01,9.664007230000000170e-01,5.363301820000000442e-01,6.259274479999999974e-01,7.028397100000000064e-01,3.096618850000000256e-01,1.662915099999999827e-02,7.194646439999999865e-01,4.635462770000000066e-01,8.887138329999999531e-01
1.807365779999999811e-01,9.677854750000000061e-01,5.993442769999999253e-01,3.260013809999999790e-01,7.371786270000000307e-01,7.007924509999999829e-01,3.204523360000000043e-01,5.000000000000000278e-02,7.027732000000000423e-02,1.000000000000000056e-01,9.685863100000000059e-02,9.273328389999999644e-01,8.285533150000000679e-01,3.420027959999999978e-01,4.325841000000000408e-03,1.995440700000000039e-02,6.930363999999999622e-03,2.728246100000000091e-02,1.170200690000000043e-01,7.445688349999999289e-01,7.397918549999999982e-01,9.664007230000000170e-01,5.363301820000000442e-01,6.259274479999999974e-01,7.028397100000000064e-01,3.096618850000000256e-01,1.662915099999999827e-02,7.194646439999999865e-01,4.635462770000000066e-01,8.887138329999999531e-01
1.771443769999999918e-01,9.523822370000000204e-01,6.201101099999999366e-01,3.389115799999999901e-01,7.156568180000000279e-01,7.007924509999999829e-01,3.204523360000000043e-01,5.000000000000000278e-02,7.027732000000000423e-02,1.000000000000000056e-01,9.685863100000000059e-02,9.174255689999999408e-01,8.034341300000000796e-01,3.374769980000000280e-01,4.325841000000000408e-03,1.995440700000000039e-02,6.930363999999999622e-03,2.811479000000000061e-02,1.240102579999999982e-01,7.274539689999999226e-01,7.397918549999999982e-01,9.664007230000000170e-01,5.363301820000000442e-01,6.259274479999999974e-01,7.028397100000000064e-01,3.096618850000000256e-01,1.662915099999999827e-02,7.194646439999999865e-01,4.635462770000000066e-01,8.887138329999999531e-01
1.923552839999999875e-01,9.643095990000000173e-01,6.184121879999999738e-01,3.318828799999999912e-01,7.304964110000000677e-01,7.007924509999999829e-01,3.204523360000000043e-01,5.000000000000000278e-02,7.027732000000000423e-02,1.000000000000000056e-01,9.685863100000000059e-02,9.172825499999999188e-01,8.170828039999999959e-01,3.206158820000000187e-01,4.325841000000000408e-03,1.995440700000000039e-02,6.930363999999999622e-03,1.639805899999999955e-02,1.189573220000000042e-01,7.334612469999999274e-01,7.397918549999999982e-01,9.664007230000000170e-01,5.363301820000000442e-01,6.259274479999999974e-01,7.028397100000000064e-01,3.096618850000000256e-01,1.662915099999999827e-02,7.194646439999999865e-01,4.635462770000000066e-01,8.887138329999999531e-01
1.992319209999999785e-01,9.606382030000000238e-01,6.039365509999999881e-01,3.190796230000000344e-01,7.078167630000000710e-01,7.007924509999999829e-01,3.204523360000000043e-01,5.000000000000000278e-02,7.027732000000000423e-02,1.000000000000000056e-01,9.685863100000000059e-02,9.458970419999999102e-01,8.058110000000000550e-01,3.336223779999999972e-01,4.325841000000000408e-03,1.995440700000000039e-02,6.930363999999999622e-03,2.299237000000000156e-02,1.132148819999999889e-01,7.366786939999999673e-01,7.397918549999999982e-01,9.664007230000000170e-01,5.363301820000000442e-01,6.259274479999999974e-01,7.028397100000000064e-01,3.096618850000000256e-01,1.662915099999999827e-02,7.194646439999999865e-01,4.635462770000000066e-01,8.887138329999999531e-01
2.001393320000000031e-01,9.581694360000000410e-01,5.964817359999999846e-01,3.381013110000000155e-01,7.284079690000000440e-01,7.007924509999999829e-01,3.204523360000000043e-01,5.000000000000000278e-02,7.027732000000000423e-02,1.000000000000000056e-01,9.685863100000000059e-02,9.251914449999999457e-01,8.167109570000000707e-01,3.426530400000000198e-01,4.325841000000000408e-03,1.995440700000000039e-02,6.930363999999999622e-03,1.293838599999999964e-02,1.291298369999999973e-01,7.419064029999999921e-01,7.397918549999999982e-01,9.664007230000000170e-01,5.363301820000000442e-01,6.259274479999999974e-01,7.028397100000000064e-01,3.096618850000000256e-01,1.662915099999999827e-02,7.194646439999999865e-01,4.635462770000000066e-01,8.887138329999999531e-01
1.875549870000000063e-01,9.717915289999999873e-01,6.206172259999999108e-01,3.214867960000000191e-01,7.181152219999999975e-01,7.007924509999999829e-01,3.204523360000000043e-01,5.000000000000000278e-02,7.027732000000000423e-02,1.000000000000000056e-01,9.685863100000000059e-02,9.394408289999999218e-01,8.190994610000000842e-01,3.467621290000000300e-01,4.325841000000000408e-03,1.995440700000000039e-02,6.930363999999999622e-03,1.169923200000000385e-02,1.137837619999999966e-01,7.520872960000000162e-01,7.397918549999999982e-01,9.664007230000000170e-01,5.363301820000000442e-01,6.259274479999999974e-01,7.028397100000000064e-01,3.096618850000000256e-01,1.662915099999999827e-02,7.194646439999999865e-01,4.635462770000000066e-01,8.887138329999999531e-01
2.018667409999999884e-01,9.537221460000000484e-01,6.132902529999999519e-01,3.261812849999999875e-01,7.164303100000000146e-01,7.007924509999999829e-01,3.204523360000000043e-01,5.000000000000000278e-02,7.027732000000000423e-02,1.000000000000000056e-01,9.685863100000000059e-02,9.310592799999999336e-01,8.192125560000000917e-01,3.298002630000000379e-01,4.325841000000000408e-03,1.995440700000000039e-02,6.930363999999999622e-03,6.050560000000003436e-03,1.195723370000000008e-01,7.253594979999999914e-01,7.397918549999999982e-01,9.664007230000000170e-01,5.363301820000000442e-01,6.259274479999999974e-01,7.028397100000000064e-01,3.096618850000000256e-01,1.662915099999999827e-02,7.194646439999999865e-01,4.635462770000000066e-01,8.887138329999999531e-01
1.986277069999999867e-01,9.566264669999999803e-01,5.979389729999999847e-01,3.201376370000000304e-01,7.365022690000000427e-01,7.007924509999999829e-01,3.204523360000000043e-01,5.000000000000000278e-02,7.027732000000000423e-02,1.000000000000000056e-01,9.685863100000000059e-02,9.383139399999999020e-01,8.279367850000000084e-01,3.300542900000000279e-01,4.325841000000000408e-03,1.995440700000000039e-02,6.930363999999999622e-03,8.075620999999998106e-03,1.084915730000000078e-01,7.372825090000000303e-01,7.397918549999999982e-01,9.664007230000000170e-01,5.363301820000000442e-01,6.259274479999999974e-01,7.028397100000000064e-01,3.096618850000000256e-01,1.662915099999999827e-02,7.194646439999999865e-01,4.635462770000000066e-01,8.887138329999999531e-01
1.872304320000000022e-01,9.751471670000000369e-01,5.982340039999999304e-01,3.269173790000000079e-01,7.184331300000000864e-01,7.007924509999999829e-01,3.204523360000000043e-01,5.000000000000000278e-02,7.027732000000000423e-02,1.000000000000000056e-01,9.685863100000000059e-02,9.384086149999999460e-01,8.233636029999999995e-01,3.341071300000000299e-01,4.325841000000000408e-03,1.995440700000000039e-02,6.930363999999999622e-03,7.477871000000003987e-03,1.103403940000000083e-01,7.420826240000000240e-01,7.397918549999999982e-01,9.664007230000000170e-01,5.363301820000000442e-01,6.259274479999999974e-01,7.028397100000000064e-01,3.096618850000000256e-01,1.662915099999999827e-02,7.194646439999999865e-01,4.635462770000000066e-01,8.887138329999999531e-01
2.009936139999999871e-01,9.768849379999999805e-01,6.018687480000000090e-01,3.329007400000000283e-01,7.227921449999999970e-01,7.007924509999999829e-01,3.204523360000000043e-01,5.000000000000000278e-02,7.027732000000000423e-02,1.000000000000000056e-01,9.685863100000000059e-02,9.293914979999999826e-01,8.084953510000000287e-01,3.275423319999999916e-01,4.325841000000000408e-03,1.995440700000000039e-02,6.930363999999999622e-03,1.381588400000000050e-02,1.164618439999999949e-01,7.299195419999999768e-01,7.397918549999999982e-01,9.664007230000000170e-01,5.363301820000000442e-01,6.259274479999999974e-01,7.028397100000000064e-01,3.096618850000000256e-01,1.662915099999999827e-02,7.194646439999999865e-01,4.635462770000000066e-01,8.887138329999999531e-01
1.969190849999999937e-01,9.604736139999999756e-01,6.058113639999999078e-01,3.152928770000000269e-01,7.088190470000000909e-01,7.007924509999999829e-01,3.204523360000000043e-01,5.000000000000000278e-02,7.027732000000000423e-02,1.000000000000000056e-01,9.685863100000000059e-02,9.423025629999999264e-01,8.240537130000000765e-01,3.368722259999999968e-01,4.325841000000000408e-03,1.995440700000000039e-02,6.930363999999999622e-03,1.606358299999999933e-02,1.319224979999999992e-01,7.358467730000000095e-01,7.397918549999999982e-01,9.664007230000000170e-01,5.363301820000000442e-01,6.259274479999999974e-01,7.028397100000000064e-01,3.096618850000000256e-01,1.662915099999999827e-02,7.194646439999999865e-01,4.635462770000000066e-01,8.887138329999999531e-01
1.849629569999999834e-01,9.564177329999999921e-01,6.028697009999999246e-01,3.171309900000000015e-01,7.107344380000000239e-01,7.007924509999999829e-01,3.204523360000000043e-01,5.000000000000000278e-02,7.027732000000000423e-02,1.000000000000000056e-01,9.685863100000000059e-02,9.249052509999999838e-01,8.069221590000000832e-01,3.424386180000000279e-01,4.325841000000000408e-03,1.995440700000000039e-02,6.930363999999999622e-03,7.587139999999999163e-03,1.183463750000000037e-01,7.311369039999999764e-01,7.397918549999999982e-01,9.664007230000000170e-01,5.363301820000000442e-01,6.259274479999999974e-01,7.028397100000000064e-01,3.096618850000000256e-01,1.662915099999999827e-02,7.194646439999999865e-01,4.635462770000000066e-01,8.887138329999999531e-01
2.007222369999999978e-01,9.483150649999999571e-01,6.152477729999999978e-01,3.230500960000000088e-01,7.219889640000000108e-01,7.007924509999999829e-01,3.204523360000000043e-01,5.000000000000000278e-02,7.027732000000000423e-02,1.000000000000000056e-01,9.685863100000000059e-02,9.197534279999999285e-01,8.176271210000000123e-01,3.324253819999999915e-01,4.325841000000000408e-03,1.995440700000000039e-02,6.930363999999999622e-03,3.232532400000000250e-02,1.144078960000000089e-01,7.269399779999999867e-01,7.397918549999999982e-01,9.664007230000000170e-01,5.363301820000000442e-01,6.259274479999999974e-01,7.028397100000000064e-01,3.096618850000000256e-01,1.662915099999999827e-02,7.194646439999999865e-01,4.635462770000000066e-01,8.887138329999999531e-01
2.024076999999999960e-01,9.706708579999999698e-01,6.168575889999999839e-01,3.296086309999999853e-01,7.297236140000000759e-01,7.007924509999999829e-01,3.204523360000000043e-01,5.000000000000000278e-02,7.027732000000000423e-02,1.000000000000000056e-01,9.685863100000000059e-02,9.271291949999999060e-01,8.030269469999999910e-01,3.415250430000000281e-01,4.325841000000000408e-03,1.995440700000000039e-02,6.930363999999999622e-03,1.139345199999999836e-02,1.118270600000000059e-01,7.505041809999999369e-01,7.397918549999999982e-01,9.664007230000000170e-01,5.363301820000000442e-01,6.259274479999999974e-01,7.028397100000000064e-01,3.096618850000000256e-01,1.662915099999999827e-02,7.194646439999999865e-01,4.635462770000000066e-01,8.887138329999999531e-01
1.877703000000000011e-01,9.743094460000000234e-01,6.122938409999999498e-01,3.376093520000000292e-01,7.260931449999999954e-01,7.007924509999999829e-01,3.204523360000000043e-01,5.000000000000000278e-02,7.027732000000000423e-02,1.000000000000000056e-01,9.685863100000000059e-02,9.392261119999999464e-01,8.107117270000000486e-01,3.360679530000000304e-01,4.325841000000000408e-03,1.995440700000000039e-02,6.930363999999999622e-03,2.367261500000000102e-02,1.321685420000000000e-01,7.402765460000000353e-01,7.397918549999999982e-01,9.664007230000000170e-01,5.363301820000000442e-01,6.259274479999999974e-01,7.028397100000000064e-01,3.096618850000000256e-01,1.662915099999999827e-02,7.194646439999999865e-01,4.635462770000000066e-01,8.887138329999999531e-01
1.972099539999999929e-01,9.740949890000000222e-01,5.934470899999999549e-01,3.410030820000000129e-01,7.170844460000000975e-01,7.007924509999999829e-01,3.204523360000000043e-01,5.000000000000000278e-02,7.027732000000000423e-02,1.000000000000000056e-01,9.685863100000000059e-02,9.244899159999999672e-01,8.182171660000000513e-01,3.241315350000000262e-01,4.325841000000000408e-03,1.995440700000000039e-02,6.930363999999999622e-03,2.607097300000000076e-02,1.122446099999999947e-01,7.462865239999999512e-01,7.397918549999999982e-01,9.664007230000000170e-01,5.363301820000000442e-01,6.259274479999999974e-01,7.028397100000000064e-01,3.096618850000000256e-01,1.662915099999999827e-02,7.194646439999999865e-01,4.635462770000000066e-01,8.887138329999999531e-01
2.286063999999999874e-01,1.000000000000000000e+00,6.662042870000000061e-01,3.850293639999999851e-01,7.621340280000000744e-01,7.007924509999999829e-01,3.204523360000000043e-01,5.000000000000000278e-02,7.027732000000000423e-02,1.000000000000000056e-01,9.685863100000000059e-02,9.852862309999999013e-01,8.638965030000000933e-01,3.879933630000000355e-01,4.325841000000000408e-03,1.995440700000000039e-02,6.930363999999999622e-03,7.268718300000000243e-02,1.583163089999999884e-01,8.021767730000000096e-01,7.397918549999999982e-01,9.664007230000000170e-01,5.363301820000000442e-01,6.259274479999999974e-01,7.028397100000000064e-01,3.096618850000000256e-01,1.662915099999999827e-02,7.194646439999999865e-01,4.635462770000000066e-01,8.887138329999999531e-01
2.414828339999999796e-01,1.000000000000000000e+00,6.712509629999999783e-01,3.917026319999999950e-01,7.867861900000000519e-01,7.007924509999999829e-01,3.204523360000000043e-01,5.000000000000000278e-02,7.027732000000000423e-02,1.000000000000000056e-01,9.685863100000000059e-02,9.884100479999999855e-01,8.783216110000000576e-01,3.838061470000000419e-01,4.325841000000000408e-03,1.995440700000000039e-02,6.930363999999999622e-03,6.388594100000000164e-02,1.854793140000000062e-01,7.981551239999999936e-01,7.397918549999999982e-01,9.664007230000000170e-01,5.363301820000000442e-01,6.259274479999999974e-01,7.028397100000000064e-01,3.096618850000000256e-01,1.662915099999999827e-02,7.194646439999999865e-01,4.635462770000000066e-01,8.887138329999999531e-01
2.414302409999999899e-01,1.000000000000000000e+00,6.545174499999999451e-01,3.889905140000000094e-01,7.741541270000000807e-01,7.007924509999999829e-01,3.204523360000000043e-01,5.000000000000000278e-02,7.027732000000000423e-02,1.000000000000000056e-01,9.685863100000000059e-02,9.794536999999999827e-01,8.717125050000000819e-01,3.809374000000000371e-01,4.325841000000000408e-03,1.995440700000000039e-02,6.930363999999999622e-03,5.495263200000000126e-02,1.829622089999999868e-01,7.913039920000000116e-01,7.397918549999999982e-01,9.664007230000000170e-01,5.363301820000000442e-01,6.259274479999999974e-01,7.028397100000000064e-01,3.096618850000000256e-01,1.662915099999999827e-02,7.194646439999999865e-01,4.635462770000000066e-01,8.887138329999999531e-01
2.333155289999999937e-01,1.000000000000000000e+00,6.437839099999999037e-01,3.892242000000000202e-01,7.627748800000000440e-01,7.007924509999999829e-01,3.204523360000000043e-01,5.000000000000000278e-02,7.027732000000000423e-02,1.000000000000000056e-01,9.685863100000000059e-02,9.721286819999999107e-01,8.687500650000000713e-01,3.761249890000000207e-01,4.325841000000000408e-03,1.995440700000000039e-02,6.930363999999999622e-03,5.640718000000000121e-02,1.698888070000000028e-01,8.024382949999999681e-01,7.397918549999999982e-01,9.664007230000000170e-01,5.363301820000000442e-01,6.259274479999999974e-01,7.028397100000000064e-01,3.096618850000000256e-01,1.662915099999999827e-02,7.194646439999999865e-01,4.635462770000000066e-01,8.887138329999999531e-01
2.297828049999999789e-01,1.000000000000000000e+00,6.712179990000000096e-01,3.828923350000000281e-01,7.801396380000000796e-01,7.007924509999999829e-01,3.204523360000000043e-01,5.000000000000000278e-02,7.027732000000000423e-02,1.000000000000000056e-01,9.685863100000000059e-02,9.744190709999999145e-01,8.755128430000000961e-01,3.694987530000000131e-01,4.325841000000000408e-03,1.995440700000000039e-02,6.930363999999999622e-03,8.332217299999999938e-02,1.589832029999999896e-01,7.988312539999999906e-01,7.397918549999999982e-01,9.664007230000000170e-01,5.363301820000000442e-01,6.259274479999999974e-01,7.028397100000000064e-01,3.096618850000000256e-01,1.662915099999999827e-02,7.194646439999999865e-01,4.635462770000000066e-01,8.887138329999999531e-01
2.498646880000000015e-01,1.000000000000000000e+00,6.685557069999999991e-01,3.704212789999999922e-01,7.735566100000000889e-01,7.007924509999999829e-01,3.204523360000000043e-01,5.000000000000000278e-02,7.027732000000000423e-02,1.000000000000000056e-01,9.685863100000000059e-02,9.692563569999999018e-01,8.702791310000000946e-01,3.925169790000000436e-01,4.325841000000000408e-03,1.995440700000000039e-02,6.930363999999999622e-03,7.043960700000000130e-02,1.626891410000000093e-01,7.957470239999999695e-01,7.397918549999999982e-01,9.664007230000000170e-01,5.363301820000000442e-01,6.259274479999999974e-01,7.028397100000000064e-01,3.096618850000000256e-01,1.662915099999999827e-02,7.194646439999999865e-01,4.635462770000000066e-01,8.887138329999999531e-01
2.474668049999999841e-01,1.000000000000000000e+00,6.722652279999999925e-01,3.651949340000000266e-01,7.653718529999999909e-01,7.007924509999999829e-01,3.204523360000000043e-01,5.000000000000000278e-02,7.027732000000000423e-02,1.000000000000000056e-01,9.685863100000000059e-02,9.680375159999999868e-01,8.798102680000000619e-01,3.698774950000000006e-01,4.325841000000000408e-03,1.995440700000000039e-02,6.930363999999999622e-03,6.203071799999999858e-02,1.706568390000000046e-01,7.755619670000000188e-01,7.397918549999999982e-01,9.664007230000000170e-01,5.363301820000000442e-01,6.259274479999999974e-01,7.028397100000000064e-01,3.096618850000000256e-01,1.662915099999999827e-02,7.194646439999999865e-01,4.635462770000000066e-01,8.887138329999999531e-01
2.384271510000000038e-01,1.000000000000000000e+00,6.692722159999999754e-01,3.835026850000000098e-01,7.715752520000001002e-01,7.007924509999999829e-01,3.204523360000000043e-01,5.000000000000000278e-02,7.027732000000000423e-02,1.000000000000000056e-01,9.685863100000000059e-02,9.899066779999999843e-01,8.618461460000000907e-01,3.971670030000000184e-01,4.325841000000000408e-03,1.995440700000000039e-02,6.930363999999999622e-03,6.753439999999999444e-02,1.764034110000000100e-01,7.805791239999999576e-01,7.397918549999999982e-01,9.664007230000000170e-01,5.363301820000000442e-01,6.259274479999999974e-01,7.028397100000000064e-01,3.096618850000000256e-01,1.662915099999999827e-02,7.194646439999999865e-01,4.635462770000000066e-01,8.887138329999999531e-01
2.314413429999999938e-01,1.000000000000000000e+00,6.587347829999999904e-01,3.753116160000000145e-01,7.689444320000000666e-01,7.007924509999999829e-01,3.204523360000000043e-01,5.000000000000000278e-02,7.027732000000000423e-02,1.000000000000000056e-01,9.685863100000000059e-02,9.953346100000000085e-01,8.605243540000000468e-01,3.724435209999999996e-01,4.325841000000000408e-03,1.995440700000000039e-02,6.930363999999999622e-03,6.273503499999999455e-02,1.746387699999999987e-01,7.899185079999999637e-01,7.397918549999999982e-01,9.664007230000000170e-01,5.363301820000000442e-01,6.259274479999999974e-01,7.028397100000000064e-01,3.096618850000000256e-01,1.662915099999999827e-02,7.194646439999999865e-01,4.635462770000000066e-01,8.887138329999999531e-01
2.408941759999999876e-01,1.000000000000000000e+00,6.630144009999999755e-01,3.768382760000000276e-01,7.730723630000000401e-01,7.007924509999999829e-01,3.204523360000000043e-01,5.000000000000000278e-02,7.027732000000000423e-02,1.000000000000000056e-01,9.685863100000000059e-02,9.926914619999999134e-01,8.697341410000000161e-01,3.852386839999999979e-01,4.325841000000000408e-03,1.995440700000000039e-02,6.930363999999999622e-03,6.887524899999999950e-02,1.628961919999999952e-01,7.971755929999999601e-01,7.397918549999999982e-01,9.664007230000000170e-01,5.363301820000000442e-01,6.259274479999999974e-01,7.028397100000000064e-01,3.096618850000000256e-01,1.662915099999999827e-02,7.194646439999999865e-01,4.635462770000000066e-01,8.887138329999999531e-01
2.507930910000000235e-01,1.000000000000000000e+00,6.651681600000000083e-01,3.714058670000000006e-01,7.807517409999999991e-01,7.007924509999999829e-01,3.204523360000000043e-01,5.000000000000000278e-02,7.027732000000000423e-02,1.000000000000000056e-01,9.685863100000000059e-02,9.760266229999999821e-01,8.640915300000000521e-01,3.983568319999999940e-01,4.325841000000000408e-03,1.995440700000000039e-02,6.930363999999999622e-03,8.278586699999999909e-02,1.784842070000000058e-01,7.859938119999999584e-01,7.397918549999999982e-01,9.664007230000000170e-01,5.363301820000000442e-01,6.259274479999999974e-01,7.028397100000000064e-01,3.096618850000000256e-01,1.662915099999999827e-02,7.194646439999999865e-01,4.635462770000000066e-01,8.887138329999999531e-01
2.258300629999999976e-01,1.000000000000000000e+00,6.549064329999999545e-01,3.742786900000000250e-01,7.789490470000000055e-01,7.007924509999999829e-01,3.204523360000000043e-01,5.000000000000000278e-02,7.027732000000000423e-02,1.000000000000000056e-01,9.685863100000000059e-02,9.863336659999999423e-01,8.674544860000000801e-01,3.726376359999999943e-01,4.325841000000000408e-03,1.995440700000000039e-02,6.930363999999999622e-03,6.045481700000000097e-02,1.858080879999999824e-01,7.831133459999999324e-01,7.397918549999999982e-01,9.664007230000000170e-01,5.363301820000000442e-01,6.259274479999999974e-01,7.028397100000000064e-01,3.096618850000000256e-01,1.662915099999999827e-02,7.194646439999999865e-01,4.635462770000000066e-01,8.887138329999999531e-01
2.349056189999999822e-01,1.000000000000000000e+00,6.441429079999999585e-01,3.900056800000000212e-01,7.834147370000000832e-01,7.007924509999999829e-01,3.204523360000000043e-01,5.000000000000000278e-02,7.027732000000000423e-02,1.000000000000000056e-01,9.685863100000000059e-02,9.922583879999999912e-01,8.610253820000000058e-01,3.719759280000000112e-01,4.325841000000000408e-03,1.995440700000000039e-02,6.930363999999999622e-03,6.136542700000000017e-02,1.645142609999999950e-01,7.953676319999999356e-01,7.397918549999999982e-01,9.664007230000000170e-01,5.363301820000000442e-01,6.259274479999999974e-01,7.028397100000000064e-01,3.096618850000000256e-01,1.662915099999999827e-02,7.194646439999999865e-01,4.635462770000000066e-01,8.887138329999999531e-01
2.283273439999999876e-01,9.978319279999999791e-01,6.570438499999999848e-01,3.870858699999999986e-01,7.761751270000000202e-01,7.007924509999999829e-01,3.204523360000000043e-01,5.000000000000000278e-02,7.027732000000000423e-02,1.000000000000000056e-01,9.685863100000000059e-02,9.924159459999999378e-01,8.708745530000000512e-01,3.921291950000000415e-01,4.325841000000000408e-03,1.995440700000000039e-02,6.930363999999999622e-03,5.603224300000000241e-02,1.852396580000000015e-01,7.816125419999999657e-01,7.397918549999999982e-01,9.664007230000000170e-01,5.363301820000000442e-01,6.259274479999999974e-01,7.028397100000000064e-01,3.096618850000000256e-01,1.662915099999999827e-02,7.194646439999999865e-01,4.635462770000000066e-01,8.887138329999999531e-01
2.287275930000000068e-01,1.000000000000000000e+00,6.643275709999999501e-01,3.709807199999999860e-01,7.775055310000000830e-01,7.007924509999999829e-01,3.204523360000000043e-01,5.000000000000000278e-02,7.027732000000000423e-02,1.000000000000000056e-01,9.685863100000000059e-02,9.731757099999999161e-01,8.576374340000000318e-01,3.981363199999999880e-01,4.325841000000000408e-03,1.995440700000000039e-02,6.930363999999999622e-03,7.613325400000001131e-02,1.772260850000000054e-01,7.788049649999999602e-01,7.397918549999999982e-01,9.664007230000000170e-01,5.363301820000000442e-01,6.259274479999999974e-01,7.028397100000000064e-01,3.096618850000000256e-01,1.662915099999999827e-02,7.194646439999999865e-01,4.635462770000000066e-01,8.887138329999999531e-01
2.356854619999999845e-01,1.000000000000000000e+00,6.610173129999999952e-01,3.788647090000000217e-01,7.587555940000000332e-01,7.007924509999999829e-01,3.204523360000000043e-01,5.000000000000000278e-02,7.027732000000000423e-02,1.000000000000000056e-01,9.685863100000000059e-02,9.894663759999999808e-01,8.663779830000000182e-01,3.937724400000000013e-01,4.325841000000000408e-03,1.995440700000000039e-02,6.930363999999999622e-03,7.140365599999999591e-02,1.573731519999999884e-01,7.865059049999999496e-01,7.397918549999999982e-01,9.664007230000000170e-01,5.363301820000000442e-01,6.259274479999999974e-01,7.028397100000000064e-01,3.096618850000000256e-01,1.662915099999999827e-02,7.194646439999999865e-01,4.635462770000000066e-01,8.887138329999999531e-01
2.275623189999999851e-01,1.000000000000000000e+00,6.575863140000000051e-01,3.628039860000000227e-01,7.833050140000000772e-01,7.007924509999999829e-01,3.204523360000000043e-01,5.000000000000000278e-02,7.027732000000000423e-02,1.000000000000000056e-01,9.685863100000000059e-02,9.907559729999999565e-01,8.751924600000000609e-01,3.784300310000000001e-01,4.325841000000000408e-03,1.995440700000000039e-02,6.930363999999999622e-03,8.308378499999999334e-02,1.623861580000000027e-01,7.808934989999999354e-01,7.397918549999999982e-01,9.664007230000000170e-01,5.363301820000000442e-01,6.259274479999999974e-01,7.028397100000000064e-01,3.096618850000000256e-01,1.662915099999999827e-02,7.194646439999999865e-01,4.635462770000000066e-01,8.887138329999999531e-01
2.236211459999999929e-01,1.000000000000000000e+00,6.678489289999999245e-01,3.787310700000000030e-01,7.858758480000000990e-01,7.007924509999999829e-01,3.204523360000000043e-01,5.000000000000000278e-02,7.027732000000000423e-02,1.000000000000000056e-01,9.685863100000000059e-02,9.716487669999999133e-01,8.708296830000000766e-01,3.740023070000000338e-01,4.325841000000000408e-03,1.995440700000000039e-02,6.930363999999999622e-03,7.639911400000000408e-02,1.665872889999999995e-01,8.019817179999999546e-01,7.397918549999999982e-01,9.664007230000000170e-01,5.363301820000000442e-01,6.259274479999999974e-01,7.028397100000000064e-01,3.096618850000000256e-01,1.662915099999999827e-02,7.194646439999999865e-01,4.635462770000000066e-01,8.887138329999999531e-01
2.374867330000000054e-01,1.000000000000000000e+00,6.663932349999999172e-01,3.918518309999999838e-01,7.743253930000000285e-01,7.007924509999999829e-01,3.204523360000000043e-01,5.000000000000000278e-02,7.027732000000000423e-02,1.000000000000000056e-01,9.685863100000000059e-02,9.900154219999999228e-01,8.787292190000000058e-01,3.931711440000000279e-01,4.325841000000000408e-03,1.995440700000000039e-02,6.930363999999999622e-03,7.028665200000000501e-02,1.730248080000000022e-01,7.798731220000000297e-01,7.397918549999999982e-01,9.664007230000000170e-01,5.363301820000000442e-01,6.259274479999999974e-01,7.028397100000000064e-01,3.096618850000000256e-01,1.662915099999999827e-02,7.194646439999999865e-01,4.635462770000000066e-01,8.887138329999999531e-01
2.411048120000000017e-01,1.000000000000000000e+00,6.484846140000000148e-01,3.763448550000000337e-01,7.773876140000000046e-01,7.007924509999999829e-01,3.204523360000000043e-01,5.000000000000000278e-02,7.027732000000000423e-02,1.000000000000000056e-01,9.685863100000000059e-02,9.713503179999999348e-01,8.570944750000000223e-01,3.924056100000000158e-01,4.325841000000000408e-03,1.995440700000000039e-02,6.930363999999999622e-03,7.923094399999999760e-02,1.608088109999999959e-01,7.890724569999999494e-01,7.397918549999999982e-01,9.664007230000000170e-01,5.363301820000000442e-01,6.259274479999999974e-01,7.028397100000000064e-01,3.096618850000000256e-01,1.662915099999999827e-02,7.194646439999999865e-01,4.635462770000000066e-01,8.887138329999999531e-01
2.369543819999999912e-01,1.000000000000000000e+00,6.445557100000000039e-01,3.818397510000000050e-01,7.703409870000000881e-01,7.007924509999999829e-01,3.204523360000000043e-01,5.000000000000000278e-02,7.027732000000000423e-02,1.000000000000000056e-01,9.685863100000000059e-02,9.690614329999999166e-01,8.733376449999999958e-01,3.858339310000000189e-01,4.325841000000000408e-03,1.995440700000000039e-02,6.930363999999999622e-03,6.513881000000000532e-02,1.820044409999999890e-01,7.874780270000000248e-01,7.397918549999999982e-01,9.664007230000000170e-01,5.363301820000000442e-01,6.259274479999999974e-01,7.028397100000000064e-01,3.096618850000000256e-01,1.662915099999999827e-02,7.194646439999999865e-01,4.635462770000000066e-01,8.887138329999999531e-01
2.248653909999999978e-01,1.000000000000000000e+00,6.453844919999999208e-01,3.905431590000000286e-01,7.828435300000000652e-01,7.007924509999999829e-01,3.204523360000000043e-01,5.000000000000000278e-02,7.027732000000000423e-02,1.000000000000000056e-01,9.685863100000000059e-02,9.818703219999999066e-01,8.671008190000000226e-01,3.904111390000000181e-01,4.325841000000000408e-03,1.995440700000000039e-02,6.930363999999999622e-03,7.064017699999999844e-02,1.651289300000000071e-01,7.849713509999999284e-01,7.397918549999999982e-01,9.664007230000000170e-01,5.363301820000000442e-01,6.259274479999999974e-01,7.028397100000000064e-01,3.096618850000000256e-01,1.662915099999999827e-02,7.194646439999999865e-01,4.635462770000000066e-01,8.887138329999999531e-01
2.344388259999999891e-01,9.999884549999999983e-01,6.634050729999999563e-01,3.904483730000000152e-01,7.821070330000000626e-01,7.007924509999999829e-01,3.204523360000000043e-01,5.000000000000000278e-02,7.027732000000000423e-02,1.000000000000000056e-01,9.685863100000000059e-02,9.876931149999998993e-01,8.775781530000000830e-01,3.956163780000000463e-01,4.325841000000000408e-03,1.995440700000000039e-02,6.930363999999999622e-03,7.198055200000000320e-02,1.809914249999999836e-01,7.992369040000000258e-01,7.397918549999999982e-01,9.664007230000000170e-01,5.363301820000000442e-01,6.259274479999999974e-01,7.028397100000000064e-01,3.096618850000000256e-01,1.662915099999999827e-02,7.194646439999999865e-01,4.635462770000000066e-01,8.887138329999999531e-01
2.316493540000000018e-01,9.981504110000000152e-01,6.672113100000000019e-01,3.671588809999999925e-01,7.614824390000000109e-01,7.007924509999999829e-01,3.204523360000000043e-01,5.000000000000000278e-02,7.027732000000000423e-02,1.000000000000000056e-01,9.685863100000000059e-02,9.685458889999999377e-01,8.764553280000000335e-01,3.861273460000000379e-01,4.325841000000000408e-03,1.995440700000000039e-02,6.930363999999999622e-03,7.232625000000000859e-02,1.685911740000000103e-01,7.974147630000000264e-01,7.397918549999999982e-01,9.664007230000000170e-01,5.363301820000000442e-01,6.259274479999999974e-01,7.028397100000000064e-01,3.096618850000000256e-01,1.662915099999999827e-02,7.194646439999999865e-01,4.635462770000000066e-01,8.887138329999999531e-01
2.454874699999999854e-01,1.000000000000000000e+00,6.655093989999999460e-01,3.887051650000000191e-01,7.616249300000000888e-01,7.007924509999999829e-01,3.204523360000000043e-01,5.000000000000000278e-02,7.027732000000000423e-02,1.000000000000000056e-01,9.685863100000000059e-02,9.682566999999999702e-01,8.745252550000000014e-01,3.772655659999999966e-01,4.325841000000000408e-03,1.995440700000000039e-02,6.930363999999999622e-03,7.860929499999999570e-02,1.652647100000000091e-01,7.767033319999999685e-01,7.397918549999999982e-01,9.664007230000000170e-01,5.363301820000000442e-01,6.259274479999999974e-01,7.028397100000000064e-01,3.096618850000000256e-01,1.662915099999999827e-02,7.194646439999999865e-01,4.635462770000000066e-01,8.887138329999999531e-01
2.458486609999999961e-01,1.000000000000000000e+00,6.543655339999999709e-01,3.683584080000000260e-01,7.782943020000000489e-01,7.007924509999999829e-01,3.204523360000000043e-01,5.000000000000000278e-02,7.027732000000000423e-02,1.000000000000000056e-01,9.685863100000000059e-02,9.708140009999999265e-01,8.645401710000000239e-01,3.885304670000000460e-01,4.325841000000000408e-03,1.995440700000000039e-02,6.930363999999999622e-03,7.722452500000000220e-02,1.750171670000000013e-01,7.994028810000000096e-01,7.397918549999999982e-01,9.664007230000000170e-01,5.363301820000000442e-01,6.259274479999999974e-01,7.028397100000000064e-01,3.096618850000000256e-01,1.662915099999999827e-02,7.194646439999999865e-01,4.635462770000000066e-01,8.887138329999999531e-01
2.501855419999999830e-01,1.000000000000000000e+00,6.464448939999999366e-01,3.734368370000000215e-01,7.717841330000000388e-01,7.007924509999999829e-01,3.204523360000000043e-01,5.000000000000000278e-02,7.027732000000000423e-02,1.000000000000000056e-01,9.685863100000000059e-02,9.906711129999999921e-01,8.715123340000000551e-01,3.902292960000000033e-01,4.325841000000000408e-03,1.995440700000000039e-02,6.930363999999999622e-03,7.283276499999999376e-02,1.576576630000000034e-01,7.989792249999999596e-01,7.397918549999999982e-01,9.664007230000000170e-01,5.363301820000000442e-01,6.259274479999999974e-01,7.028397100000000064e-01,3.096618850000000256e-01,1.662915099999999827e-02,7.194646439999999865e-01,4.635462770000000066e-01,8.887138329999999531e-01
2.377959759999999922e-01,1.000000000000000000e+00,6.442521279999999795e-01,3.774373400000000101e-01,7.749629700000000287e-01,7.007924509999999829e-01,3.204523360000000043e-01,5.000000000000000278e-02,7.027732000000000423e-02,1.000000000000000056e-01,9.685863100000000059e-02,9.833219519999999436e-01,8.660144720000000351e-01,3.829782160000000379e-01,4.325841000000000408e-03,1.995440700000000039e-02,6.930363999999999622e-03,7.993539199999999401e-02,1.847002789999999950e-01,7.746425110000000336e-01,7.397918549999999982e-01,9.664007230000000170e-01,5.363301820000000442e-01,6.259274479999999974e-01,7.028397100000000064e-01,3.096618850000000256e-01,1.662915099999999827e-02,7.194646439999999865e-01,4.635462770000000066e-01,8.887138329999999531e-01
2.515455659999999982e-01,1.000000000000000000e+00,6.532940419999999637e-01,3.744351100000000154e-01,7.764813200000000304e-01,7.007924509999999829e-01,3.204523360000000043e-01,5.000000000000000278e-02,7.027732000000000423e-02,1.000000000000000056e-01,9.685863100000000059e-02,9.905528519999999837e-01,8.633282550000000999e-01,3.754900190000000082e-01,4.325841000000000408e-03,1.995440700000000039e-02,6.930363999999999622e-03,7.780628400000000333e-02,1.855511260000000107e-01,7.885280550000000055e-01,7.397918549999999982e-01,9.664007230000000170e-01,5.363301820000000442e-01,6.259274479999999974e-01,7.028397100000000064e-01,3.096618850000000256e-01,1.662915099999999827e-02,7.194646439999999865e-01,4.635462770000000066e-01,8.887138329999999531e-01
2.249201009999999834e-01,1.000000000000000000e+00,6.597604539999999407e-01,3.729205910000000235e-01,7.865489979999999992e-01,7.007924509999999829e-01,3.204523360000000043e-01,5.000000000000000278e-02,7.027732000000000423e-02,1.000000000000000056e-01,9.685863100000000059e-02,9.839916039999999642e-01,8.733875470000000973e-01,3.715461420000000237e-01,4.325841000000000408e-03,1.995440700000000039e-02,6.930363999999999622e-03,7.972568900000000236e-02,1.776866799999999857e-01,7.754376809999999898e-01,7.397918549999999982e-01,9.664007230000000170e-01,5.363301820000000442e-01,6.259274479999999974e-01,7.028397100000000064e-01,3.096618850000000256e-01,1.662915099999999827e-02,7.194646439999999865e-01,4.635462770000000066e-01,8.887138329999999531e-01
2.242620200000000064e-01,1.000000000000000000e+00,6.690600019999999315e-01,3.879518889999999942e-01,7.602768430000000910e-01,7.007924509999999829e-01,3.204523360000000043e-01,5.000000000000000278e-02,7.027732000000000423e-02,1.000000000000000056e-01,9.685863100000000059e-02,9.860215219999999281e-01,8.601653530000000769e-01,3.787881810000000016e-01,4.325841000000000408e-03,1.995440700000000039e-02,6.930363999999999622e-03,6.865887800000000651e-02,1.812528429999999968e-01,7.737701729999999500e-01,7.397918549999999982e-01,9.664007230000000170e-01,5.363301820000000442e-01,6.259274479999999974e-01,7.028397100000000064e-01,3.096618850000000256e-01,1.662915099999999827e-02,7.194646439999999865e-01,4.635462770000000066e-01,8.887138329999999531e-01
2.302512499999999906e-01,1.000000000000000000e+00,6.681900799999999085e-01,3.831552650000000226e-01,7.859888800000000009e-01,7.007924509999999829e-01,3.204523360000000043e-01,5.000000000000000278e-02,7.027732000000000423e-02,1.000000000000000056e-01,9.685863100000000059e-02,9.935186039999999164e-01,8.557044450000000912e-01,3.908665319999999888e-01,4.325841000000000408e-03,1.995440700000000039e-02,6.930363999999999622e-03,7.202590100000000328e-02,1.630990959999999990e-01,7.835101230000000028e-01,7.397918549999999982e-01,9.664007230000000170e-01,5.363301820000000442e-01,6.259274479999999974e-01,7.028397100000000064e-01,3.096618850000000256e-01,1.662915099999999827e-02,7.194646439999999865e-01,4.635462770000000066e-01,8.887138329999999531e-01
2.503919359999999816e-01,1.000000000000000000e+00,6.535264349999999611e-01,3.636747710000000078e-01,7.670910110000001003e-01,7.007924509999999829e-01,3.204523360000000043e-01,5.000000000000000278e-02,7.027732000000000423e-02,1.000000000000000056e-01,9.685863100000000059e-02,9.857952999999999300e-01,8.747145219999999943e-01,3.967765790000000181e-01,4.325841000000000408e-03,1.995440700000000039e-02,6.930363999999999622e-03,6.465824200000000466e-02,1.675915080000000001e-01,7.990885850000000179e-01,7.397918549999999982e-01,9.664007230000000170e-01,5.363301820000000442e-01,6.259274479999999974e-01,7.028397100000000064e-01,3.096618850000000256e-01,1.662915099999999827e-02,7.194646439999999865e-01,4.635462770000000066e-01,8.887138329999999531e-01
2.517686699999999722e-01,1.000000000000000000e+00,6.641228059999999545e-01,3.837888930000000198e-01,7.823451010000000982e-01,7.007924509999999829e-01,3.204523360000000043e-01,5.000000000000000278e-02,7.027732000000000423e-02,1.000000000000000056e-01,9.685863100000000059e-02,9.718351879999999055e-01,8.631228670000000713e-01,3.899093359999999953e-01,4.325841000000000408e-03,1.995440700000000039e-02,6.930363999999999622e-03,8.206712499999999078e-02,1.705849030000000099e-01,7.937780070000000077e-01,7.397918549999999982e-01,9.664007230000000170e-01,5.363301820000000442e-01,6.259274479999999974e-01,7.028397100000000064e-01,3.096618850000000256e-01,1.662915099999999827e-02,7.194646439999999865e-01,4.635462770000000066e-01,8.887138329999999531e-01
2.524633880000000108e-01,1.000000000000000000e+00,6.559801729999999997e-01,3.761436209999999836e-01,7.617587030000000370e-01,7.007924509999999829e-01,3.204523360000000043e-01,5.000000000000000278e-02,7.027732000000000423e-02,1.000000000000000056e-01,9.685863100000000059e-02,9.746399629999999981e-01,8.811494500000000007e-01,3.703916500000000167e-01,4.325841000000000408e-03,1.995440700000000039e-02,6.930363999999999622e-03,6.111105499999999746e-02,1.733594479999999993e-01,7.927110889999999799e-01,7.397918549999999982e-01,9.664007230000000170e-01,5.363301820000000442e-01,6.259274479999999974e-01,7.028397100000000064e-01,3.096618850000000256e-01,1.662915099999999827e-02,7.194646439999999865e-01,4.635462770000000066e-01,8.887138329999999531e-01
2.497213249999999940e-01,1.000000000000000000e+00,6.680718699999999011e-01,3.720517540000000123e-01,7.630976950000000203e-01,7.007924509999999829e-01,3.204523360000000043e-01,5.000000000000000278e-02,7.027732000000000423e-02,1.000000000000000056e-01,9.685863100000000059e-02,9.879538059999999344e-01,8.818214720000000506e-01,3.922709080000000292e-01,4.325841000000000408e-03,1.995440700000000039e-02,6.930363999999999622e-03,6.450340599999999924e-02,1.789622680000000077e-01,7.907776730000000143e-01,7.397918549999999982e-01,9.664007230000000170e-01,5.363301820000000442e-01,6.259274479999999974e-01,7.028397100000000064e-01,3.096618850000000256e-01,1.662915099999999827e-02,7.194646439999999865e-01,4.635462770000000066e-01,8.887138329999999531e-01
2.317627810000000010e-01,1.000000000000000000e+00,6.518357280000000031e-01,3.846803340000000127e-01,7.600577550000000571e-01,7.007924509999999829e-01,3.204523360000000043e-01,5.000000000000000278e-02,7.027732000000000423e-02,1.000000000000000056e-01,9.685863100000000059e-02,9.855768379999999551e-01,8.598767040000000472e-01,3.798297170000000111e-01,4.325841000000000408e-03,1.995440700000000039e-02,6.930363999999999622e-03,7.005994100000000058e-02,1.603668689999999952e-01,7.776205969999999690e-01,7.397918549999999982e-01,9.664007230000000170e-01,5.363301820000000442e-01,6.259274479999999974e-01,7.028397100000000064e-01,3.096618850000000256e-01,1.662915099999999827e-02,7.194646439999999865e-01,4.635462770000000066e-01,8.887138329999999531e-01
2.510936349999999817e-01,1.000000000000000000e+00,6.546003729999999576e-01,3.641401149999999864e-01,7.835825240000000580e-01,7.007924509999999829e-01,3.204523360000000043e-01,5.000000000000000278e-02,7.027732000000000423e-02,1.000000000000000056e-01,9.685863100000000059e-02,9.706493569999999904e-01,8.725884570000000950e-01,3.930974500000000149e-01,4.325841000000000408e-03,1.995440700000000039e-02,6.930363999999999622e-03,5.898285799999999912e-02,1.731644029999999945e-01,8.004623090000000385e-01,7.397918549999999982e-01,9.664007230000000170e-01,5.363301820000000442e-01,6.259274479999999974e-01,7.028397100000000064e-01,3.096618850000000256e-01,1.662915099999999827e-02,7.194646439999999865e-01,4.635462770000000066e-01,8.887138329999999531e-01
2.445213269999999828e-01,1.000000000000000000e+00,6.690780610000000017e-01,3.803949830000000198e-01,7.849175700000000644e-01,7.007924509999999829e-01,3.204523360000000043e-01,5.000000000000000278e-02,7.027732000000000423e-02,1.000000000000000056e-01,9.685863100000000059e-02,9.957479240000000065e-01,8.597384530000000691e-01,3.962492960000000286e-01,4.325841000000000408e-03,1.995440700000000039e-02,6.930363999999999622e-03,7.472520200000000445e-02,1.575670919999999919e-01,7.963266660000000163e-01,7.397918549999999982e-01,9.664007230000000170e-01,5.363301820000000442e-01,6.259274479999999974e-01,7.028397100000000064e-01,3.096618850000000256e-01,1.662915099999999827e-02,7.194646439999999865e-01,4.635462770000000066e-01,8.887138329999999531e-01
2.427903479999999892e-01,1.000000000000000000e+00,6.698383609999999377e-01,3.752235520000000157e-01,7.595978070000000137e-01,7.007924509999999829e-01,3.204523360000000043e-01,5.000000000000000278e-02,7.027732000000000423e-02,1.000000000000000056e-01,9.685863100000000059e-02,9.941157279999999208e-01,8.538056360000000344e-01,3.732409790000000283e-01,4.325841000000000408e-03,1.995440700000000039e-02,6.930363999999999622e-03,7.081441800000000397e-02,1.814750689999999889e-01,7.796748749999999895e-01,7.397918549999999982e-01,9.664007230000000170e-01,5.363301820000000442e-01,6.259274479999999974e-01,7.028397100000000064e-01,3.096618850000000256e-01,1.662915099999999827e-02,7.194646439999999865e-01,4.635462770000000066e-01,8.887138329999999531e-01
2.358229249999999888e-01,1.000000000000000000e+00,6.696588940000000045e-01,3.865164010000000094e-01,7.660533950000000258e-01,7.007924509999999829e-01,3.204523360000000043e-01,5.000000000000000278e-02,7.027732000000000423e-02,1.000000000000000056e-01,9.685863100000000059e-02,9.785095539999999481e-01,8.565551270000000272e-01,3.693671320000000424e-01,4.325841000000000408e-03,1.995440700000000039e-02,6.930363999999999622e-03,6.904321199999999270e-02,1.616174149999999865e-01,7.925204129999999791e-01,7.397918549999999982e-01,9.664007230000000170e-01,5.363301820000000442e-01,6.259274479999999974e-01,7.028397100000000064e-01,3.096618850000000256e-01,1.662915099999999827e-02,7.194646439999999865e-01,4.635462770000000066e-01,8.887138329999999531e-01
2.481398609999999894e-01,1.000000000000000000e+00,6.665314499999999143e-01,3.797057420000000127e-01,7.824545590000000495e-01,7.007924509999999829e-01,3.204523360000000043e-01,5.000000000000000278e-02,7.027732000000000423e-02,1.000000000000000056e-01,9.685863100000000059e-02,9.961131989999999492e-01,8.824540870000000536e-01,3.728799640000000082e-01,4.325841000000000408e-03,1.995440700000000039e-02,6.930363999999999622e-03,7.292590300000000025e-02,1.859269199999999955e-01,8.006607900000000111e-01,7.397918549999999982e-01,9.664007230000000170e-01,5.363301820000000442e-01,6.259274479999999974e-01,7.028397100000000064e-01,3.096618850000000256e-01,1.662915099999999827e-02,7.194646439999999865e-01,4.635462770000000066e-01,8.887138329999999531e-01
2.363382019999999972e-01,1.000000000000000000e+00,6.670841869999999396e-01,3.872813830000000346e-01,7.579820520000000172e-01,7.007924509999999829e-01,3.204523360000000043e-01,5.000000000000000278e-02,7.027732000000000423e-02,1.000000000000000056e-01,9.685863100000000059e-02,9.774145329999999188e-01,8.578432970000000601e-01,3.914962700000000351e-01,4.325841000000000408e-03,1.995440700000000039e-02,6.930363999999999622e-03,8.349919699999999723e-02,1.632695610000000075e-01,7.788324260000000221e-01,7.397918549999999982e-01,9.664007230000000170e-01,5.363301820000000442e-01,6.259274479999999974e-01,7.028397100000000064e-01,3.096618850000000256e-01,1.662915099999999827e-02,7.194646439999999865e-01,4.635462770000000066e-01,8.887138329999999531e-01
2.478171999999999875e-01,1.000000000000000000e+00,6.467544779999999660e-01,3.852740040000000032e-01,7.697077310000000061e-01,7.007924509999999829e-01,3.204523360000000043e-01,5.000000000000000278e-02,7.027732000000000423e-02,1.000000000000000056e-01,9.685863100000000059e-02,9.942996259999999920e-01,8.589086989999999977e-01,3.765344850000000299e-01,4.325841000000000408e-03,1.995440700000000039e-02,6.930363999999999622e-03,5.467550899999999714e-02,1.691395209999999871e-01,7.857434289999999377e-01,7.397918549999999982e-01,9.664007230000000170e-01,5.363301820000000442e-01,6.259274479999999974e-01,7.028397100000000064e-01,3.096618850000000256e-01,1.662915099999999827e-02,7.194646439999999865e-01,4.635462770000000066e-01,8.887138329999999531e-01
2.304127669999999906e-01,1.000000000000000000e+00,6.573218699999999748e-01,3.730211979999999983e-01,7.588413720000000140e-01,7.007924509999999829e-01,3.204523360000000043e-01,5.000000000000000278e-02,7.027732000000000423e-02,1.000000000000000056e-01,9.685863100000000059e-02,9.756370299999999052e-01,8.641808800000000401e-01,3.940895180000000275e-01,4.325841000000000408e-03,1.995440700000000039e-02,6.930363999999999622e-03,7.448805899999999536e-02,1.570808599999999888e-01,7.865382039999999630e-01,7.397918549999999982e-01,9.664007230000000170e-01,5.363301820000000442e-01,6.259274479999999974e-01,7.028397100000000064e-01,3.096618850000000256e-01,1.662915099999999827e-02,7.194646439999999865e-01,4.635462770000000066e-01,8.887138329999999531e-01
2.321790410000000027e-01,1.000000000000000000e+00,6.614067179999999491e-01,3.700282400000000083e-01,7.842534700000000081e-01,7.007924509999999829e-01,3.204523360000000043e-01,5.000000000000000278e-02,7.027732000000000423e-02,1.000000000000000056e-01,9.685863100000000059e-02,9.949518439999999186e-01,8.797129100000000701e-01,3.871141009999999882e-01,4.325841000000000408e-03,1.995440700000000039e-02,6.930363999999999622e-03,7.826299200000000345e-02,1.618603539999999841e-01,7.792065000000000241e-01,7.397918549999999982e-01,9.664007230000000170e-01,5.363301820000000442e-01,6.259274479999999974e-01,7.028397100000000064e-01,3.096618850000000256e-01,1.662915099999999827e-02,7.194646439999999865e-01,4.635462770000000066e-01,8.887138329999999531e-01
2.360603109999999949e-01,1.000000000000000000e+00,6.495714529999999653e-01,3.753893810000000220e-01,7.729321670000000033e-01,7.007924509999999829e-01,3.204523360000000043e-01,5.000000000000000278e-02,7.027732000000000423e-02,1.000000000000000056e-01,9.685863100000000059e-02,9.912967849999999581e-01,8.525254389999999960e-01,3.718412980000000423e-01,4.325841000000000408e-03,1.995440700000000039e-02,6.930363999999999622e-03,8.066360100000000144e-02,1.625595940000000017e-01,7.817921810000000304e-01,7.397918549999999982e-01,9.664007230000000170e-01,5.363301820000000442e-01,6.259274479999999974e-01,7.028397100000000064e-01,3.096618850000000256e-01,1.662915099999999827e-02,7.194646439999999865e-01,4.635462770000000066e-01,8.887138329999999531e-01
2.495691459999999917e-01,9.992005790000000331e-01,6.631148529999999486e-01,3.632686780000000115e-01,7.623015539999999923e-01,7.007924509999999829e-01,3.204523360000000043e-01,5.000000000000000278e-02,7.027732000000000423e-02,1.000000000000000056e-01,9.685863100000000059e-02,9.793362669999999826e-01,8.741237270000000725e-01,3.828690650000000084e-01,4.325841000000000408e-03,1.995440700000000039e-02,6.930363999999999622e-03,5.956113799999999958e-02,1.724450090000000102e-01,7.852510609999999724e-01,7.397918549999999982e-01,9.664007230000000170e-01,5.363301820000000442e-01,6.259274479999999974e-01,7.028397100000000064e-01,3.096618850000000256e-01,1.662915099999999827e-02,7.194646439999999865e-01,4.635462770000000066e-01,8.887138329999999531e-01
2.280481020000000025e-01,1.000000000000000000e+00,6.719950510000000099e-01,3.923466760000000053e-01,7.804324070000000502e-01,7.007924509999999829e-01,3.204523360000000043e-01,5.000000000000000278e-02,7.027732000000000423e-02,1.000000000000000056e-01,9.685863100000000059e-02,9.816498959999999663e-01,8.771855350000000717e-01,3.766536470000000358e-01,4.325841000000000408e-03,1.995440700000000039e-02,6.930363999999999622e-03,7.606904999999999917e-02,1.748801200000000000e-01,8.023414919999999340e-01,7.397918549999999982e-01,9.664007230000000170e-01,5.363301820000000442e-01,6.259274479999999974e-01,7.028397100000000064e-01,3.096618850000000256e-01,1.662915099999999827e-02,7.194646439999999865e-01,4.635462770000000066e-01,8.887138329999999531e-01
2.433938279999999788e-01,1.000000000000000000e+00,6.569488179999999344e-01,3.783248940000000227e-01,7.606337760000000392e-01,7.007924509999999829e-01,3.204523360000000043e-01,5.000000000000000278e-02,7.027732000000000423e-02,1.000000000000000056e-01,9.685863100000000059e-02,9.669859859999999641e-01,8.610583090000000217e-01,3.886990110000000387e-01,4.325841000000000408e-03,1.995440700000000039e-02,6.930363999999999622e-03,8.194104700000000296e-02,1.682668999999999970e-01,7.968506599999999329e-01,7.397918549999999982e-01,9.664007230000000170e-01,5.363301820000000442e-01,6.259274479999999974e-01,7.028397100000000064e-01,3.096618850000000256e-01,1.662915099999999827e-02,7.194646439999999865e-01,4.635462770000000066e-01,8.887138329999999531e-01
2.233135450000000022e-01,1.000000000000000000e+00,6.430309149999999807e-01,3.745678800000000197e-01,7.819441380000000663e-01,7.007924509999999829e-01,3.204523360000000043e-01,5.000000000000000278e-02,7.027732000000000423e-02,1.000000000000000056e-01,9.685863100000000059e-02,9.882225569999999459e-01,8.531161870000000258e-01,3.711285450000000319e-01,4.325841000000000408e-03,1.995440700000000039e-02,6.930363999999999622e-03,6.878325600000000095e-02,1.671803540000000032e-01,7.984768070000000106e-01,7.397918549999999982e-01,9.664007230000000170e-01,5.363301820000000442e-01,6.259274479999999974e-01,7.028397100000000064e-01,3.096618850000000256e-01,1.662915099999999827e-02,7.194646439999999865e-01,4.635462770000000066e-01,8.887138329999999531e-01
2.459390429999999961e-01,1.000000000000000000e+00,6.550608379999999231e-01,3.829537640000000298e-01,7.731824529999999918e-01,7.007924509999999829e-01,3.204523360000000043e-01,5.000000000000000278e-02,7.027732000000000423e-02,1.000000000000000056e-01,9.685863100000000059e-02,9.673452639999999825e-01,8.713444530000000743e-01,3.942768110000000048e-01,4.325841000000000408e-03,1.995440700000000039e-02,6.930363999999999622e-03,6.227290300000000445e-02,1.747920659999999959e-01,7.784810829999999626e-01,7.397918549999999982e-01,9.664007230000000170e-01,5.363301820000000442e-01,6.259274479999999974e-01,7.028397100000000064e-01,3.096618850000000256e-01,1.662915099999999827e-02,7.194646439999999865e-01,4.635462770000000066e-01,8.887138329999999531e-01
2.449596799999999852e-01,1.000000000000000000e+00,6.466491299999999054e-01,3.727808630000000178e-01,7.691231750000000478e-01,7.007924509999999829e-01,3.204523360000000043e-01,5.000000000000000278e-02,7.027732000000000423e-02,1.000000000000000056e-01,9.685863100000000059e-02,9.788531179999999665e-01,8.689017020000000535e-01,3.736939330000000337e-01,4.325841000000000408e-03,1.995440700000000039e-02,6.930363999999999622e-03,7.632311199999999851e-02,1.702453469999999913e-01,7.991928109999999474e-01,7.397918549999999982e-01,9.664007230000000170e-01,5.363301820000000442e-01,6.259274479999999974e-01,7.028397100000000064e-01,3.096618850000000256e-01,1.662915099999999827e-02,7.194646439999999865e-01,4.635462770000000066e-01,8.887138329999999531e-01
2.422520499999999966e-01,1.000000000000000000e+00,6.455145869999999730e-01,3.821261410000000303e-01,7.856250630000000124e-01,7.007924509999999829e-01,3.204523360000000043e-01,5.000000000000000278e-02,7.027732000000000423e-02,1.000000000000000056e-01,9.685863100000000059e-02,9.854197989999999852e-01,8.542688740000000669e-01,3.753557909999999942e-01,4.325841000000000408e-03,1.995440700000000039e-02,6.930363999999999622e-03,5.973765600000000009e-02,1.709334459999999889e-01,7.884119969999999755e-01,7.397918549999999982e-01,9.664007230000000170e-01,5.363301820000000442e-01,6.259274479999999974e-01,7.028397100000000064e-01,3.096618850000000256e-01,1.662915099999999827e-02,7.194646439999999865e-01,4.635462770000000066e-01,8.887138329999999531e-01
2.237369999999999914e-01,1.000000000000000000e+00,6.451282979999999334e-01,3.633971730000000178e-01,7.626947930000000930e-01,7.007924509999999829e-01,3.204523360000000043e-01,5.000000000000000278e-02,7.027732000000000423e-02,1.000000000000000056e-01,9.685863100000000059e-02,9.782337159999999754e-01,8.680632230000000504e-01,3.986110560000000191e-01,4.325841000000000408e-03,1.995440700000000039e-02,6.930363999999999622e-03,6.320765700000000042e-02,1.817268639999999880e-01,7.815258619999999601e-01,7.397918549999999982e-01,9.664007230000000170e-01,5.363301820000000442e-01,6.259274479999999974e-01,7.028397100000000064e-01,3.096618850000000256e-01,1.662915099999999827e-02,7.194646439999999865e-01,4.635462770000000066e-01,8.887138329999999531e-01
2.328532050000000075e-01,1.000000000000000000e+00,6.725346179999999174e-01,3.657299580000000216e-01,7.822402900000000603e-01,7.007924509999999829e-01,3.204523360000000043e-01,5.000000000000000278e-02,7.027732000000000423e-02,1.000000000000000056e-01,9.685863100000000059e-02,9.875879269999999766e-01,8.608317149999999973e-01,3.830470670000000188e-01,4.325841000000000408e-03,1.995440700000000039e-02,6.930363999999999622e-03,7.830339099999999997e-02,1.722892209999999924e-01,7.877991530000000298e-01,7.397918549999999982e-01,9.664007230000000170e-01,5.363301820000000442e-01,6.259274479999999974e-01,7.028397100000000064e-01,3.096618850000000256e-01,1.662915099999999827e-02,7.194646439999999865e-01,4.635462770000000066e-01,8.887138329999999531e-01
2.393876249999999928e-01,1.000000000000000000e+00,6.542138779999999709e-01,3.906045049999999907e-01,7.695868949999999931e-01,7.007924509999999829e-01,3.204523360000000043e-01,5.000000000000000278e-02,7.027732000000000423e-02,1.000000000000000056e-01,9.685863100000000059e-02,9.873337629999999754e-01,8.546725219999999901e-01,3.697105250000000121e-01,4.325841000000000408e-03,1.995440700000000039e-02,6.930363999999999622e-03,7.223562299999999881e-02,1.640782510000000083e-01,7.770386109999999347e-01,7.397918549999999982e-01,9.664007230000000170e-01,5.363301820000000442e-01,6.259274479999999974e-01,7.028397100000000064e-01,3.096618850000000256e-01,1.662915099999999827e-02,7.194646439999999865e-01,4.635462770000000066e-01,8.887138329999999531e-01
2.472253019999999801e-01,1.000000000000000000e+00,6.567884959999999994e-01,3.902785830000000122e-01,7.772927450000000071e-01,7.007924509999999829e-01,3.204523360000000043e-01,5.000000000000000278e-02,7.027732000000000423e-02,1.000000000000000056e-01,9.685863100000000059e-02,9.859243439999999525e-01,8.773234739999999920e-01,3.961680050000000453e-01,4.325841000000000408e-03,1.995440700000000039e-02,6.930363999999999622e-03,8.076927400000000201e-02,1.585216710000000029e-01,7.789722689999999394e-01,7.397918549999999982e-01,9.664007230000000170e-01,5.363301820000000442e-01,6.259274479999999974e-01,7.028397100000000064e-01,3.096618850000000256e-01,1.662915099999999827e-02,7.194646439999999865e-01,4.635462770000000066e-01,8.887138329999999531e-01
2.322520349999999956e-01,1.000000000000000000e+00,6.434621560000000073e-01,3.645579270000000038e-01,7.643476949999999936e-01,7.007924509999999829e-01,3.204523360000000043e-01,5.000000000000000278e-02,7.027732000000000423e-02,1.000000000000000056e-01,9.685863100000000059e-02,9.765589529999999518e-01,8.727653780000000916e-01,3.816909170000000184e-01,4.325841000000000408e-03,1.995440700000000039e-02,6.930363999999999622e-03,5.990776100000000381e-02,1.677081970000000033e-01,7.786625950000000129e-01,7.397918549999999982e-01,9.664007230000000170e-01,5.363301820000000442e-01,6.259274479999999974e-01,7.028397100000000064e-01,3.096618850000000256e-01,1.662915099999999827e-02,7.194646439999999865e-01,4.635462770000000066e-01,8.887138329999999531e-01
2.265145699999999984e-01,1.000000000000000000e+00,6.601181339999999675e-01,3.778316310000000011e-01,7.850250700000001025e-01,7.007924509999999829e-01,3.204523360000000043e-01,5.000000000000000278e-02,7.027732000000000423e-02,1.000000000000000056e-01,9.685863100000000059e-02,9.810613910000000049e-01,8.700227410000000994e-01,3.936957309999999932e-01,4.325841000000000408e-03,1.995440700000000039e-02,6.930363999999999622e-03,7.179687099999999822e-02,1.672942880000000132e-01,7.846900829999999827e-01,7.397918549999999982e-01,9.664007230000000170e-01,5.363301820000000442e-01,6.259274479999999974e-01,7.028397100000000064e-01,3.096618850000000256e-01,1.662915099999999827e-02,7.194646439999999865e-01,4.635462770000000066e-01,8.887138329999999531e-01
2.432656729999999878e-01,1.000000000000000000e+00,6.503187859999999265e-01,3.718502190000000374e-01,7.720361620000000258e-01,7.007924509999999829e-01,3.204523360000000043e-01,5.000000000000000278e-02,7.027732000000000423e-02,1.000000000000000056e-01,9.685863100000000059e-02,9.781048169999999597e-01,8.603259130000000532e-01,3.713110210000000189e-01,4.325841000000000408e-03,1.995440700000000039e-02,6.930363999999999622e-03,7.127785100000000318e-02,1.816371659999999888e-01,7.964238909999999949e-01,7.397918549999999982e-01,9.664007230000000170e-01,5.363301820000000442e-01,6.259274479999999974e-01,7.028397100000000064e-01,3.096618850000000256e-01,1.662915099999999827e-02,7.194646439999999865e-01,4.635462770000000066e-01,8.887138329999999531e-01
2.308171990000000007e-01,1.000000000000000000e+00,6.652881489999999953e-01,3.786430889999999883e-01,7.663278810000000441e-01,7.007924509999999829e-01,3.204523360000000043e-01,5.000000000000000278e-02,7.027732000000000423e-02,1.000000000000000056e-01,9.685863100000000059e-02,9.739305279999999065e-01,8.694285360000000296e-01,3.895935919999999886e-01,4.325841000000000408e-03,1.995440700000000039e-02,6.930363999999999622e-03,8.381850899999999938e-02,1.619956509999999905e-01,7.740037129999999266e-01,7.397918549999999982e-01,9.664007230000000170e-01,5.363301820000000442e-01,6.259274479999999974e-01,7.028397100000000064e-01,3.096618850000000256e-01,1.662915099999999827e-02,7.194646439999999865e-01,4.635462770000000066e-01,8.887138329999999531e-01
2.431780939999999835e-01,1.000000000000000000e+00,6.718599439999999312e-01,3.721717429999999993e-01,7.728759110000000820e-01,7.007924509999999829e-01,3.204523360000000043e-01,5.000000000000000278e-02,7.027732000000000423e-02,1.000000000000000056e-01,9.685863100000000059e-02,9.753001989999999788e-01,8.806759750000000553e-01,3.980080460000000042e-01,4.325841000000000408e-03,1.995440700000000039e-02,6.930363999999999622e-03,7.428395799999999716e-02,1.606634720000000016e-01,7.774825450000000249e-01,7.397918549999999982e-01,9.664007230000000170e-01,5.363301820000000442e-01,6.259274479999999974e-01,7.028397100000000064e-01,3.096618850000000256e-01,1.662915099999999827e-02,7.194646439999999865e-01,4.635462770000000066e-01,8.887138329999999531e-01
2.508249699999999804e-01,1.000000000000000000e+00,6.502236649999999507e-01,3.750266700000000064e-01,7.710612709999999925e-01,7.007924509999999829e-01,3.204523360000000043e-01,5.000000000000000278e-02,7.027732000000000423e-02,1.000000000000000056e-01,9.685863100000000059e-02,9.812952309999999345e-01,8.646835730000000941e-01,3.822965560000000096e-01,4.325841000000000408e-03,1.995440700000000039e-02,6.930363999999999622e-03,5.559894600000000325e-02,1.728385289999999908e-01,7.943185480000000132e-01,7.397918549999999982e-01,9.664007230000000170e-01,5.363301820000000442e-01,6.259274479999999974e-01,7.028397100000000064e-01,3.096618850000000256e-01,1.662915099999999827e-02,7.194646439999999865e-01,4.635462770000000066e-01,8.887138329999999531e-01
2.306600839999999875e-01,1.000000000000000000e+00,6.644395100000000109e-01,3.845612750000000357e-01,7.746522040000000109e-01,7.007924509999999829e-01,3.204523360000000043e-01,5.000000000000000278e-02,7.027732000000000423e-02,1.000000000000000056e-01,9.685863100000000059e-02,9.870999919999999817e-01,8.657412190000000063e-01,3.957204069999999962e-01,4.325841000000000408e-03,1.995440700000000039e-02,6.930363999999999622e-03,8.261042700000000016e-02,1.602712880000000117e-01,7.949005670000000023e-01,7.397918549999999982e-01,9.664007230000000170e-01,5.363301820000000442e-01,6.259274479999999974e-01,7.028397100000000064e-01,3.096618850000000256e-01,1.662915099999999827e-02,7.194646439999999865e-01,4.635462770000000066e-01,8.887138329999999531e-01
2.305890029999999868e-01,1.000000000000000000e+00,6.616284390000000126e-01,3.667553889999999872e-01,7.640571950000000223e-01,7.007924509999999829e-01,3.204523360000000043e-01,5.000000000000000278e-02,7.027732000000000423e-02,1.000000000000000056e-01,9.685863100000000059e-02,9.919017329999999522e-01,8.620562220000000941e-01,3.707503759999999926e-01,4.325841000000000408e-03,1.995440700000000039e-02,6.930363999999999622e-03,7.343213600000000896e-02,1.707464750000000087e-01,8.016216330000000001e-01,7.397918549999999982e-01,9.664007230000000170e-01,5.363301820000000442e-01,6.259274479999999974e-01,7.028397100000000064e-01,3.096618850000000256e-01,1.662915099999999827e-02,7.194646439999999865e-01,4.635462770000000066e-01,8.887138329999999531e-01
2.371529089999999951e-01,1.000000000000000000e+00,6.557382039999999357e-01,3.915269410000000172e-01,7.635807420000000345e-01,7.007924509999999829e-01,3.204523360000000043e-01,5.000000000000000278e-02,7.027732000000000423e-02,1.000000000000000056e-01,9.685863100000000059e-02,9.928093349999999040e-01,8.591103170000000677e-01,3.926362210000000075e-01,4.325841000000000408e-03,1.995440700000000039e-02,6.930363999999999622e-03,6.347483400000000775e-02,1.664935919999999958e-01,8.027371810000000218e-01,7.397918549999999982e-01,9.664007230000000170e-01,5.363301820000000442e-01,6.259274479999999974e-01,7.028397100000000064e-01,3.096618850000000256e-01,1.662915099999999827e-02,7.194646439999999865e-01,4.635462770000000066e-01,8.887138329999999531e-01
2.332168520000000023e-01,1.000000000000000000e+00,6.469920510000000125e-01,3.823663230000000079e-01,7.745860440000000846e-01,7.007924509999999829e-01,3.204523360000000043e-01,5.000000000000000278e-02,7.027732000000000423e-02,1.000000000000000056e-01,9.685863100000000059e-02,9.846294999999999353e-01,8.814647490000000474e-01,3.821134240000000348e-01,4.325841000000000408e-03,1.995440700000000039e-02,6.930363999999999622e-03,6.526278200000000529e-02,1.750845950000000095e-01,7.899925540000000135e-01,7.397918549999999982e-01,9.664007230000000170e-01,5.363301820000000442e-01,6.259274479999999974e-01,7.028397100000000064e-01,3.096618850000000256e-01,1.662915099999999827e-02,7.194646439999999865e-01,4.635462770000000066e-01,8.887138329999999531e-01
2.438148490000000002e-01,1.000000000000000000e+00,6.572435139999999176e-01,3.726922060000000259e-01,7.700243920000000575e-01,7.007924509999999829e-01,3.204523360000000043e-01,5.000000000000000278e-02,7.027732000000000423e-02,1.000000000000000056e-01,9.685863100000000059e-02,9.723359599999999991e-01,8.820829990000000898e-01,3.862067439999999907e-01,4.325841000000000408e-03,1.995440700000000039e-02,6.930363999999999622e-03,6.150334100000000304e-02,1.588365800000000050e-01,8.002915640000000108e-01,7.397918549999999982e-01,9.664007230000000170e-01,5.363301820000000442e-01,6.259274479999999974e-01,7.028397100000000064e-01,3.096618850000000256e-01,1.662915099999999827e-02,7.194646439999999865e-01,4.635462770000000066e-01,8.887138329999999531e-01
2.278312059999999806e-01,1.000000000000000000e+00,6.676093959999999106e-01,3.867537630000000282e-01,7.716929940000000210e-01,7.007924509999999829e-01,3.204523360000000043e-01,5.000000000000000278e-02,7.027732000000000423e-02,1.000000000000000056e-01,9.685863100000000059e-02,9.958684849999999145e-01,8.570081740000000670e-01,3.855602350000000289e-01,4.325841000000000408e-03,1.995440700000000039e-02,6.930363999999999622e-03,5.953021399999999796e-02,1.785689819999999872e-01,7.986419929999999390e-01,7.397918549999999982e-01,9.664007230000000170e-01,5.363301820000000442e-01,6.259274479999999974e-01,7.028397100000000064e-01,3.096618850000000256e-01,1.662915099999999827e-02,7.194646439999999865e-01,4.635462770000000066e-01,8.887138329999999531e-01
2.460123029999999877e-01,1.000000000000000000e+00,6.686376769999999858e-01,3.643408880000000294e-01,7.683076600000000589e-01,7.007924509999999829e-01,3.204523360000000043e-01,5.000000000000000278e-02,7.027732000000000423e-02,1.000000000000000056e-01,9.685863100000000059e-02,9.861796299999999738e-01,8.720278230000000352e-01,3.738776249999999912e-01,4.325841000000000408e-03,1.995440700000000039e-02,6.930363999999999622e-03,7.755309900000000034e-02,1.696664940000000010e-01,7.946364750000000088e-01,7.397918549999999982e-01,9.664007230000000170e-01,5.363301820000000442e-01,6.259274479999999974e-01,7.028397100000000064e-01,3.096618850000000256e-01,1.662915099999999827e-02,7.194646439999999865e-01,4.635462770000000066e-01,8.887138329999999531e-01
2.468865259999999950e-01,1.000000000000000000e+00,6.550287539999999353e-01,3.658968220000000104e-01,7.648420210000000941e-01,7.007924509999999829e-01,3.204523360000000043e-01,5.000000000000000278e-02,7.027732000000000423e-02,1.000000000000000056e-01,9.685863100000000059e-02,9.696490769999999149e-01,8.727941650000000662e-01,3.836089920000000375e-01,4.325841000000000408e-03,1.995440700000000039e-02,6.930363999999999622e-03,8.229190299999999958e-02,1.794941070000000138e-01,7.750977000000000006e-01,7.397918549999999982e-01,9.664007230000000170e-01,5.363301820000000442e-01,6.259274479999999974e-01,7.028397100000000064e-01,3.096618850000000256e-01,1.662915099999999827e-02,7.194646439999999865e-01,4.635462770000000066e-01,8.887138329999999531e-01
2.392575210000000008e-01,1.000000000000000000e+00,6.635560939999999297e-01,3.634933730000000085e-01,7.766263930000000260e-01,7.007924509999999829e-01,3.204523360000000043e-01,5.000000000000000278e-02,7.027732000000000423e-02,1.000000000000000056e-01,9.685863100000000059e-02,9.758289470000000021e-01,8.751458739999999903e-01,3.808257210000000059e-01,4.325841000000000408e-03,1.995440700000000039e-02,6.930363999999999622e-03,5.614061800000000324e-02,1.578881179999999940e-01,7.922118229999999262e-01,7.397918549999999982e-01,9.664007230000000170e-01,5.363301820000000442e-01,6.259274479999999974e-01,7.028397100000000064e-01,3.096618850000000256e-01,1.662915099999999827e-02,7.194646439999999865e-01,4.635462770000000066e-01,8.887138329999999531e-01
2.244127079999999885e-01,1.000000000000000000e+00,6.504251239999999656e-01,3.765843200000000279e-01,7.874671770000000182e-01,7.007924509999999829e-01,3.204523360000000043e-01,5.000000000000000278e-02,7.027732000000000423e-02,1.000000000000000056e-01,9.685863100000000059e-02,9.903830949999999911e-01,8.667282460000000910e-01,3.722212540000000014e-01,4.325841000000000408e-03,1.995440700000000039e-02,6.930363999999999622e-03,6.531991900000000406e-02,1.567390110000000114e-01,7.997619369999999783e-01,7.397918549999999982e-01,9.664007230000000170e-01,5.363301820000000442e-01,6.259274479999999974e-01,7.028397100000000064e-01,3.096618850000000256e-01,1.662915099999999827e-02,7.194646439999999865e-01,4.635462770000000066e-01,8.887138329999999531e-01
2.340825400000000056e-01,1.000000000000000000e+00,6.497213649999999951e-01,3.922335040000000106e-01,7.662272520000000808e-01,7.007924509999999829e-01,3.204523360000000043e-01,5.000000000000000278e-02,7.027732000000000423e-02,1.000000000000000056e-01,9.685863100000000059e-02,9.751797689999999186e-01,8.626196470000000449e-01,3.905366680000000312e-01,4.325841000000000408e-03,1.995440700000000039e-02,6.930363999999999622e-03,6.729442500000000493e-02,1.695483540000000122e-01,7.791018259999999973e-01,7.397918549999999982e-01,9.664007230000000170e-01,5.363301820000000442e-01,6.259274479999999974e-01,7.028397100000000064e-01,3.096618850000000256e-01,1.662915099999999827e-02,7.194646439999999865e-01,4.635462770000000066e-01,8.887138329999999531e-01
2.279198199999999952e-01,1.000000000000000000e+00,6.458177330000000049e-01,3.731509510000000085e-01,7.632774280000000910e-01,7.007924509999999829e-01,3.204523360000000043e-01,5.000000000000000278e-02,7.027732000000000423e-02,1.000000000000000056e-01,9.685863100000000059e-02,9.666287120000000010e-01,8.556186320000001011e-01,3.758092690000000013e-01,4.325841000000000408e-03,1.995440700000000039e-02,6.930363999999999622e-03,6.078068500000000096e-02,1.564222439999999881e-01,7.848438460000000116e-01,7.397918549999999982e-01,9.664007230000000170e-01,5.363301820000000442e-01,6.259274479999999974e-01,7.028397100000000064e-01,3.096618850000000256e-01,1.662915099999999827e-02,7.194646439999999865e-01,4.635462770000000066e-01,8.887138329999999531e-01
2.261127970000000043e-01,1.000000000000000000e+00,6.571597510000000142e-01,3.702894720000000084e-01,7.866893560000000063e-01,7.007924509999999829e-01,3.204523360000000043e-01,5.000000000000000278e-02,7.027732000000000423e-02,1.000000000000000056e-01,9.685863100000000059e-02,9.769335589999998959e-01,8.710403410000000513e-01,3.837235440000000275e-01,4.325841000000000408e-03,1.995440700000000039e-02,6.930363999999999622e-03,6.787713700000000405e-02,1.646750750000000041e-01,7.860341889999999943e-01,7.397918549999999982e-01,9.664007230000000170e-01,5.363301820000000442e-01,6.259274479999999974e-01,7.028397100000000064e-01,3.096618850000000256e-01,1.662915099999999827e-02,7.194646439999999865e-01,4.635462770000000066e-01,8.887138329999999531e-01
2.336486479999999866e-01,1.000000000000000000e+00,6.558500909999999129e-01,3.762188810000000050e-01,7.759129590000000132e-01,7.007924509999999829e-01,3.204523360000000043e-01,5.000000000000000278e-02,7.027732000000000423e-02,1.000000000000000056e-01,9.685863100000000059e-02,9.796525799999999951e-01,8.753882420000000941e-01,3.918571120000000074e-01,4.325841000000000408e-03,1.995440700000000039e-02,6.930363999999999622e-03,8.023108100000000964e-02,1.824977150000000048e-01,7.831541180000000102e-01,7.397918549999999982e-01,9.664007230000000170e-01,5.363301820000000442e-01,6.259274479999999974e-01,7.028397100000000064e-01,3.096618850000000256e-01,1.662915099999999827e-02,7.194646439999999865e-01,4.635462770000000066e-01,8.887138329999999531e-01
2.234409699999999888e-01,1.000000000000000000e+00,6.715376749999999451e-01,3.914012420000000381e-01,7.778305110000000022e-01,7.007924509999999829e-01,3.204523360000000043e-01,5.000000000000000278e-02,7.027732000000000423e-02,1.000000000000000056e-01,9.685863100000000059e-02,9.719154029999999000e-01,8.541168290000000773e-01,3.841019310000000075e-01,4.325841000000000408e-03,1.995440700000000039e-02,6.930363999999999622e-03,6.286821300000000612e-02,1.790787080000000031e-01,7.855454709999999396e-01,7.397918549999999982e-01,9.664007230000000170e-01,5.363301820000000442e-01,6.259274479999999974e-01,7.028397100000000064e-01,3.096618850000000256e-01,1.662915099999999827e-02,7.194646439999999865e-01,4.635462770000000066e-01,8.887138329999999531e-01
2.301486899999999891e-01,1.000000000000000000e+00,6.693603879999999728e-01,3.877914259999999946e-01,7.590543950000000484e-01,7.007924509999999829e-01,3.204523360000000043e-01,5.000000000000000278e-02,7.027732000000000423e-02,1.000000000000000056e-01,9.685863100000000059e-02,9.694735609999999282e-01,8.614616670000000420e-01,3.741497610000000251e-01,4.325841000000000408e-03,1.995440700000000039e-02,6.930363999999999622e-03,5.684821699999999950e-02,1.717908069999999898e-01,8.017062379999999600e-01,7.397918549999999982e-01,9.664007230000000170e-01,5.363301820000000442e-01,6.259274479999999974e-01,7.028397100000000064e-01,3.096618850000000256e-01,1.662915099999999827e-02,7.194646439999999865e-01,4.635462770000000066e-01,8.887138329999999531e-01
2.483744400000000019e-01,9.987357679999999682e-01,6.668524849999999393e-01,3.675882919999999832e-01,7.659004879999999904e-01,7.007924509999999829e-01,3.204523360000000043e-01,5.000000000000000278e-02,7.027732000000000423e-02,1.000000000000000056e-01,9.685863100000000059e-02,9.768414269999999844e-01,8.794653630000000000e-01,3.910746540000000215e-01,4.325841000000000408e-03,1.995440700000000039e-02,6.930363999999999622e-03,6.169039899999999993e-02,1.670484959999999908e-01,7.836478219999999384e-01,7.397918549999999982e-01,9.664007230000000170e-01,5.363301820000000442e-01,6.259274479999999974e-01,7.028397100000000064e-01,3.096618850000000256e-01,1.662915099999999827e-02,7.194646439999999865e-01,4.635462770000000066e-01,8.887138329999999531e-01
2.487050020000000083e-01,1.000000000000000000e+00,6.627965319999999938e-01,3.736236549999999990e-01,7.769311750000000849e-01,7.007924509999999829e-01,3.204523360000000043e-01,5.000000000000000278e-02,7.027732000000000423e-02,1.000000000000000056e-01,9.685863100000000059e-02,9.671528839999999905e-01,8.586523190000000527e-01,3.733542450000000290e-01,4.325841000000000408e-03,1.995440700000000039e-02,6.930363999999999622e-03,6.623628000000000848e-02,1.843571569999999937e-01,7.740477980000000091e-01,7.397918549999999982e-01,9.664007230000000170e-01,5.363301820000000442e-01,6.259274479999999974e-01,7.028397100000000064e-01,3.096618850000000256e-01,1.662915099999999827e-02,7.194646439999999865e-01,4.635462770000000066e-01,8.887138329999999531e-01
2.334782159999999884e-01,1.000000000000000000e+00,6.649636270000000016e-01,3.664223500000000078e-01,7.722980420000000734e-01,7.007924509999999829e-01,3.204523360000000043e-01,5.000000000000000278e-02,7.027732000000000423e-02,1.000000000000000056e-01,9.685863100000000059e-02,9.775532429999999051e-01,8.739595800000000692e-01,3.826671190000000000e-01,4.325841000000000408e-03,1.995440700000000039e-02,6.930363999999999622e-03,6.093664000000000025e-02,1.636159339999999907e-01,7.958871979999999624e-01,7.397918549999999982e-01,9.664007230000000170e-01,5.363301820000000442e-01,6.259274479999999974e-01,7.028397100000000064e-01,3.096618850000000256e-01,1.662915099999999827e-02,7.194646439999999865e-01,4.635462770000000066e-01,8.887138329999999531e-01
2.505840219999999618e-01,1.000000000000000000e+00,6.478357679999999785e-01,3.724194210000000282e-01,7.589066160000000894e-01,7.007924509999999829e-01,3.204523360000000043e-01,5.000000000000000278e-02,7.027732000000000423e-02,1.000000000000000056e-01,9.685863100000000059e-02,9.945700509999999550e-01,8.632775490000000884e-01,3.933579970000000148e-01,4.325841000000000408e-03,1.995440700000000039e-02,6.930363999999999622e-03,5.447841400000000278e-02,1.832473129999999950e-01,7.940045999999999493e-01,7.397918549999999982e-01,9.664007230000000170e-01,5.363301820000000442e-01,6.259274479999999974e-01,7.028397100000000064e-01,3.096618850000000256e-01,1.662915099999999827e-02,7.194646439999999865e-01,4.635462770000000066e-01,8.887138329999999531e-01
2.291464699999999910e-01,1.000000000000000000e+00,6.537607059999999137e-01,3.698954839999999966e-01,7.850597530000000823e-01,7.007924509999999829e-01,3.204523360000000043e-01,5.000000000000000278e-02,7.027732000000000423e-02,1.000000000000000056e-01,9.685863100000000059e-02,9.887039719999999310e-01,8.812962160000000766e-01,3.951945800000000175e-01,4.325841000000000408e-03,1.995440700000000039e-02,6.930363999999999622e-03,6.577072000000000473e-02,1.823454939999999969e-01,7.757525079999999518e-01,7.397918549999999982e-01,9.664007230000000170e-01,5.363301820000000442e-01,6.259274479999999974e-01,7.028397100000000064e-01,3.096618850000000256e-01,1.662915099999999827e-02,7.194646439999999865e-01,4.635462770000000066e-01,8.887138329999999531e-01
2.456228560000000005e-01,1.000000000000000000e+00,6.582908839999999095e-01,3.685545729999999964e-01,7.802730850000000329e-01,7.007924509999999829e-01,3.204523360000000043e-01,5.000000000000000278e-02,7.027732000000000423e-02,1.000000000000000056e-01,9.685863100000000059e-02,9.811538819999999772e-01,8.668714210000000309e-01,3.965901500000000302e-01,4.325841000000000408e-03,1.995440700000000039e-02,6.930363999999999622e-03,6.708832800000000263e-02,1.763157399999999986e-01,7.913785300000000245e-01,7.397918549999999982e-01,9.664007230000000170e-01,5.363301820000000442e-01,6.259274479999999974e-01,7.028397100000000064e-01,3.096618850000000256e-01,1.662915099999999827e-02,7.194646439999999865e-01,4.635462770000000066e-01,8.887138329999999531e-01
2.466691169999999933e-01,1.000000000000000000e+00,6.477053139999999765e-01,3.629737889999999911e-01,7.721935370000000409e-01,7.007924509999999829e-01,3.204523360000000043e-01,5.000000000000000278e-02,7.027732000000000423e-02,1.000000000000000056e-01,9.685863100000000059e-02,9.698111569999999793e-01,8.714664340000000120e-01,3.947117190000000164e-01,4.325841000000000408e-03,1.995440700000000039e-02,6.930363999999999622e-03,8.123316999999999344e-02,1.711097020000000024e-01,7.744638469999999275e-01,7.397918549999999982e-01,9.664007230000000170e-01,5.363301820000000442e-01,6.259274479999999974e-01,7.028397100000000064e-01,3.096618850000000256e-01,1.662915099999999827e-02,7.194646439999999865e-01,4.635462770000000066e-01,8.887138329999999531e-01
2.462381710000000057e-01,9.994690090000000193e-01,6.465209339999999916e-01,3.663106140000000344e-01,7.610179080000000207e-01,7.007924509999999829e-01,3.204523360000000043e-01,5.000000000000000278e-02,7.027732000000000423e-02,1.000000000000000056e-01,9.685863100000000059e-02,9.950662969999999330e-01,8.746834540000000269e-01,3.767815380000000269e-01,4.325841000000000408e-03,1.995440700000000039e-02,6.930363999999999622e-03,5.920995899999999951e-02,1.693945649999999969e-01,7.947263380000000321e-01,7.397918549999999982e-01,9.664007230000000170e-01,5.363301820000000442e-01,6.259274479999999974e-01,7.028397100000000064e-01,3.096618850000000256e-01,1.662915099999999827e-02,7.194646439999999865e-01,4.635462770000000066e-01,8.887138329999999531e-01
2.355492949999999919e-01,1.000000000000000000e+00,6.472611779999999371e-01,3.826854430000000140e-01,7.657025630000000582e-01,7.007924509999999829e-01,3.204523360000000043e-01,5.000000000000000278e-02,7.027732000000000423e-02,1.000000000000000056e-01,9.685863100000000059e-02,9.697140969999999971e-01,8.629219450000000791e-01,3.716716469999999939e-01,4.325841000000000408e-03,1.995440700000000039e-02,6.930363999999999622e-03,7.088170900000000108e-02,1.673874619999999869e-01,7.924483289999999513e-01,7.397918549999999982e-01,9.664007230000000170e-01,5.363301820000000442e-01,6.259274479999999974e-01,7.028397100000000064e-01,3.096618850000000256e-01,1.662915099999999827e-02,7.194646439999999865e-01,4.635462770000000066e-01,8.887138329999999531e-01
2.263417640000000008e-01,1.000000000000000000e+00,6.478045709999999957e-01,3.672210880000000288e-01,7.625787910000000336e-01,7.007924509999999829e-01,3.204523360000000043e-01,5.000000000000000278e-02,7.027732000000000423e-02,1.000000000000000056e-01,9.685863100000000059e-02,9.824183129999999320e-01,8.594631719999999975e-01,3.802967320000000262e-01,4.325841000000000408e-03,1.995440700000000039e-02,6.930363999999999622e-03,7.109050899999999618e-02,1.680525910000000012e-01,7.893043650000000078e-01,7.397918549999999982e-01,9.664007230000000170e-01,5.363301820000000442e-01,6.259274479999999974e-01,7.028397100000000064e-01,3.096618850000000256e-01,1.662915099999999827e-02,7.194646439999999865e-01,4.635462770000000066e-01,8.887138329999999531e-01
2.342424790000000034e-01,1.000000000000000000e+00,6.629275499999999210e-01,3.851220850000000029e-01,7.846882530000000022e-01,7.007924509999999829e-01,3.204523360000000043e-01,5.000000000000000278e-02,7.027732000000000423e-02,1.000000000000000056e-01,9.685863100000000059e-02,9.892978229999999096e-01,8.802924880000000396e-01,3.842435969999999923e-01,4.325841000000000408e-03,1.995440700000000039e-02,6.930363999999999622e-03,7.259222900000000811e-02,1.768684570000000067e-01,7.769144759999999650e-01,7.397918549999999982e-01,9.664007230000000170e-01,5.363301820000000442e-01,6.259274479999999974e-01,7.028397100000000064e-01,3.096618850000000256e-01,1.662915099999999827e-02,7.194646439999999865e-01,4.635462770000000066e-01,8.887138329999999531e-01
2.309656169999999842e-01,1.000000000000000000e+00,6.619232079999999296e-01,3.912559380000000253e-01,7.712493730000000713e-01,7.007924509999999829e-01,3.204523360000000043e-01,5.000000000000000278e-02,7.027732000000000423e-02,1.000000000000000056e-01,9.685863100000000059e-02,9.944856069999999937e-01,8.618962880000000659e-01,3.954121879999999978e-01,4.325841000000000408e-03,1.995440700000000039e-02,6.930363999999999622e-03,8.046169899999999764e-02,1.848123480000000152e-01,7.759306519999999985e-01,7.397918549999999982e-01,9.664007230000000170e-01,5.363301820000000442e-01,6.259274479999999974e-01,7.028397100000000064e-01,3.096618850000000256e-01,1.662915099999999827e-02,7.194646439999999865e-01,4.635462770000000066e-01,8.887138329999999531e-01
2.492641760000000040e-01,1.000000000000000000e+00,6.491596209999999090e-01,3.662264020000000064e-01,7.578766700000000300e-01,7.007924509999999829e-01,3.204523360000000043e-01,5.000000000000000278e-02,7.027732000000000423e-02,1.000000000000000056e-01,9.685863100000000059e-02,9.896471669999999943e-01,8.637129780000000201e-01,3.939476100000000036e-01,4.325841000000000408e-03,1.995440700000000039e-02,6.930363999999999622e-03,8.010184600000000432e-02,1.807549989999999995e-01,7.752798789999999496e-01,7.397918549999999982e-01,9.664007230000000170e-01,5.363301820000000442e-01,6.259274479999999974e-01,7.028397100000000064e-01,3.096618850000000256e-01,1.662915099999999827e-02,7.194646439999999865e-01,4.635462770000000066e-01,8.887138329999999531e-01
2.484469850000000091e-01,1.000000000000000000e+00,6.684369549999999993e-01,3.638864950000000320e-01,7.816231710000000055e-01,7.007924509999999829e-01,3.204523360000000043e-01,5.000000000000000278e-02,7.027732000000000423e-02,1.000000000000000056e-01,9.685863100000000059e-02,9.711949789999999583e-01,8.683205059999999920e-01,3.874375560000000163e-01,4.325841000000000408e-03,1.995440700000000039e-02,6.930363999999999622e-03,7.872945400000000427e-02,1.636542689999999911e-01,7.778767220000000204e-01,7.397918549999999982e-01,9.664007230000000170e-01,5.363301820000000442e-01,6.259274479999999974e-01,7.028397100000000064e-01,3.096618850000000256e-01,1.662915099999999827e-02,7.194646439999999865e-01,4.635462770000000066e-01,8.887138329999999531e-01
2.274963999999999875e-01,1.000000000000000000e+00,6.709141439999999346e-01,3.755175940000000101e-01,7.724166480000000945e-01,7.007924509999999829e-01,3.204523360000000043e-01,5.000000000000000278e-02,7.027732000000000423e-02,1.000000000000000056e-01,9.685863100000000059e-02,9.939868179999999942e-01,8.782857780000000725e-01,3.769871949999999972e-01,4.325841000000000408e-03,1.995440700000000039e-02,6.930363999999999622e-03,6.415994499999999601e-02,1.861167930000000026e-01,7.837699000000000193e-01,7.397918549999999982e-01,9.664007230000000170e-01,5.363301820000000442e-01,6.259274479999999974e-01,7.028397100000000064e-01,3.096618850000000256e-01,1.662915099999999827e-02,7.194646439999999865e-01,4.635462770000000066e-01,8.887138329999999531e-01
2.386498809999999804e-01,1.000000000000000000e+00,6.701277070000000169e-01,3.843633009999999905e-01,7.873441860000000014e-01,7.007924509999999829e-01,3.204523360000000043e-01,5.000000000000000278e-02,7.027732000000000423e-02,1.000000000000000056e-01,9.685863100000000059e-02,9.689638219999999746e-01,8.761551480000000502e-01,3.727506510000000439e-01,4.325841000000000408e-03,1.995440700000000039e-02,6.930363999999999622e-03,6.434090800000000221e-02,1.709846800000000000e-01,7.828281910000000066e-01,7.397918549999999982e-01,9.664007230000000170e-01,5.363301820000000442e-01,6.259274479999999974e-01,7.028397100000000064e-01,3.096618850000000256e-01,1.662915099999999827e-02,7.194646439999999865e-01,4.635462770000000066e-01,8.887138329999999531e-01
2.353209179999999900e-01,1.000000000000000000e+00,6.661289360000000048e-01,3.804472589999999821e-01,7.651503860000000712e-01,7.007924509999999829e-01,3.204523360000000043e-01,5.000000000000000278e-02,7.027732000000000423e-02,1.000000000000000056e-01,9.685863100000000059e-02,9.892265630000000032e-01,8.561176930000000684e-01,3.984297079999999935e-01,4.325841000000000408e-03,1.995440700000000039e-02,6.930363999999999622e-03,5.648320300000000266e-02,1.689285399999999882e-01,7.872271600000000369e-01,7.397918549999999982e-01,9.664007230000000170e-01,5.363301820000000442e-01,6.259274479999999974e-01,7.028397100000000064e-01,3.096618850000000256e-01,1.662915099999999827e-02,7.194646439999999865e-01,4.635462770000000066e-01,8.887138329999999531e-01
2.345460129999999976e-01,1.000000000000000000e+00,6.669937719999999848e-01,3.868057710000000204e-01,7.788467370000000667e-01,7.007924509999999829e-01,3.204523360000000043e-01,5.000000000000000278e-02,7.027732000000000423e-02,1.000000000000000056e-01,9.685863100000000059e-02,9.714997369999999188e-01,8.683640720000000979e-01,3.965717770000000142e-01,4.325841000000000408e-03,1.995440700000000039e-02,6.930363999999999622e-03,7.374495699999999987e-02,1.594881939999999998e-01,7.961124059999999947e-01,7.397918549999999982e-01,9.664007230000000170e-01,5.363301820000000442e-01,6.259274479999999974e-01,7.028397100000000064e-01,3.096618850000000256e-01,1.662915099999999827e-02,7.194646439999999865e-01,4.635462770000000066e-01,8.887138329999999531e-01
2.318575759999999819e-01,1.000000000000000000e+00,6.472179089999999801e-01,3.718955070000000140e-01,7.733760870000000454e-01,7.007924509999999829e-01,3.204523360000000043e-01,5.000000000000000278e-02,7.027732000000000423e-02,1.000000000000000056e-01,9.685863100000000059e-02,9.737104679999999401e-01,8.572079690000000696e-01,3.801330790000000404e-01,4.325841000000000408e-03,1.995440700000000039e-02,6.930363999999999622e-03,7.361346800000000135e-02,1.681874919999999940e-01,7.840975049999999724e-01,7.397918549999999982e-01,9.664007230000000170e-01,5.363301820000000442e-01,6.259274479999999974e-01,7.028397100000000064e-01,3.096618850000000256e-01,1.662915099999999827e-02,7.194646439999999865e-01,4.635462770000000066e-01,8.887138329999999531e-01
2.456867070000000042e-01,1.000000000000000000e+00,6.432620909999999803e-01,3.693875180000000258e-01,7.714502200000000753e-01,7.007924509999999829e-01,3.204523360000000043e-01,5.000000000000000278e-02,7.027732000000000423e-02,1.000000000000000056e-01,9.685863100000000059e-02,9.901819450000000078e-01,8.790942910000000277e-01,3.804199189999999953e-01,4.325841000000000408e-03,1.995440700000000039e-02,6.930363999999999622e-03,8.245514200000000904e-02,1.739998869999999920e-01,7.929439929999999581e-01,7.397918549999999982e-01,9.664007230000000170e-01,5.363301820000000442e-01,6.259274479999999974e-01,7.028397100000000064e-01,3.096618850000000256e-01,1.662915099999999827e-02,7.194646439999999865e-01,4.635462770000000066e-01,8.887138329999999531e-01
2.442579789999999862e-01,1.000000000000000000e+00,6.705659039999999349e-01,3.773872560000000043e-01,7.831518930000000989e-01,7.007924509999999829e-01,3.204523360000000043e-01,5.000000000000000278e-02,7.027732000000000423e-02,1.000000000000000056e-01,9.685863100000000059e-02,9.738651210000000003e-01,8.788241320000000911e-01,3.943657500000000149e-01,4.325841000000000408e-03,1.995440700000000039e-02,6.930363999999999622e-03,6.672523499999999386e-02,1.726232460000000080e-01,7.847362059999999362e-01,7.397918549999999982e-01,9.664007230000000170e-01,5.363301820000000442e-01,6.259274479999999974e-01,7.028397100000000064e-01,3.096618850000000256e-01,1.662915099999999827e-02,7.194646439999999865e-01,4.635462770000000066e-01,8.887138329999999531e-01
2.239832529999999933e-01,1.000000000000000000e+00,6.659049200000000113e-01,3.861833319999999903e-01,7.795722420000000819e-01,7.007924509999999829e-01,3.204523360000000043e-01,5.000000000000000278e-02,7.027732000000000423e-02,1.000000000000000056e-01,9.685863100000000059e-02,9.960575829999999131e-01,8.814099320000000626e-01,3.934586919999999988e-01,4.325841000000000408e-03,1.995440700000000039e-02,6.930363999999999622e-03,7.886676500000000534e-02,1.849759819999999833e-01,7.975212309999999416e-01,7.397918549999999982e-01,9.664007230000000170e-01,5.363301820000000442e-01,6.259274479999999974e-01,7.028397100000000064e-01,3.096618850000000256e-01,1.662915099999999827e-02,7.194646439999999865e-01,4.635462770000000066e-01,8.887138329999999531e-01
2.253040279999999895e-01,1.000000000000000000e+00,6.517166729999999131e-01,3.812794870000000280e-01,7.624060880000000928e-01,7.007924509999999829e-01,3.204523360000000043e-01,5.000000000000000278e-02,7.027732000000000423e-02,1.000000000000000056e-01,9.685863100000000059e-02,9.865443229999999453e-01,8.558627550000000861e-01,3.786838080000000106e-01,4.325841000000000408e-03,1.995440700000000039e-02,6.930363999999999622e-03,7.240597699999999637e-02,1.574628690000000053e-01,8.025670529999999747e-01,7.397918549999999982e-01,9.664007230000000170e-01,5.363301820000000442e-01,6.259274479999999974e-01,7.028397100000000064e-01,3.096618850000000256e-01,1.662915099999999827e-02,7.194646439999999865e-01,4.635462770000000066e-01,8.887138329999999531e-01
2.480230029999999919e-01,1.000000000000000000e+00,6.447677229999999593e-01,3.785099239999999976e-01,7.763084020000000640e-01,7.007924509999999829e-01,3.204523360000000043e-01,5.000000000000000278e-02,7.027732000000000423e-02,1.000000000000000056e-01,9.685863100000000059e-02,9.888155100000000086e-01,8.681169260000000110e-01,3.720460930000000221e-01,4.325841000000000408e-03,1.995440700000000039e-02,6.930363999999999622e-03,5.552657899999999952e-02,1.736971890000000018e-01,8.029467569999999554e-01,7.397918549999999982e-01,9.664007230000000170e-01,5.363301820000000442e-01,6.259274479999999974e-01,7.028397100000000064e-01,3.096618850000000256e-01,1.662915099999999827e-02,7.194646439999999865e-01,4.635462770000000066e-01,8.887138329999999531e-01
2.404017749999999842e-01,1.000000000000000000e+00,6.577025049999999373e-01,3.893081110000000122e-01,7.580849910000000413e-01,7.007924509999999829e-01,3.204523360000000043e-01,5.000000000000000278e-02,7.027732000000000423e-02,1.000000000000000056e-01,9.685863100000000059e-02,9.955068899999999221e-01,8.776027210000000300e-01,3.964110110000000353e-01,4.325841000000000408e-03,1.995440700000000039e-02,6.930363999999999622e-03,7.744466399999999640e-02,1.592771030000000032e-01,7.905593949999999426e-01,7.397918549999999982e-01,9.664007230000000170e-01,5.363301820000000442e-01,6.259274479999999974e-01,7.028397100000000064e-01,3.096618850000000256e-01,1.662915099999999827e-02,7.194646439999999865e-01,4.635462770000000066e-01,8.887138329999999531e-01
2.284044650000000010e-01,1.000000000000000000e+00,6.688276579999999916e-01,3.800530180000000202e-01,7.864348300000000291e-01,7.007924509999999829e-01,3.204523360000000043e-01,5.000000000000000278e-02,7.027732000000000423e-02,1.000000000000000056e-01,9.685863100000000059e-02,9.929756009999999300e-01,8.661731880000000938e-01,3.832191870000000167e-01,4.325841000000000408e-03,1.995440700000000039e-02,6.930363999999999622e-03,5.457447299999999835e-02,1.661545190000000005e-01,7.777821560000000023e-01,7.397918549999999982e-01,9.664007230000000170e-01,5.363301820000000442e-01,6.259274479999999974e-01,7.028397100000000064e-01,3.096618850000000256e-01,1.662915099999999827e-02,7.194646439999999865e-01,4.635462770000000066e-01,8.887138329999999531e-01
2.243476519999999808e-01,1.000000000000000000e+00,6.606414050000000149e-01,3.651351840000000015e-01,7.597600540000000180e-01,7.007924509999999829e-01,3.204523360000000043e-01,5.000000000000000278e-02,7.027732000000000423e-02,1.000000000000000056e-01,9.685863100000000059e-02,9.664114169999999948e-01,8.749773780000000833e-01,3.891445609999999999e-01,4.325841000000000408e-03,1.995440700000000039e-02,6.930363999999999622e-03,6.716474899999999582e-02,1.752285769999999965e-01,7.921343650000000070e-01,7.397918549999999982e-01,9.664007230000000170e-01,5.363301820000000442e-01,6.259274479999999974e-01,7.028397100000000064e-01,3.096618850000000256e-01,1.662915099999999827e-02,7.194646439999999865e-01,4.635462770000000066e-01,8.887138329999999531e-01
2.494804019999999900e-01,1.000000000000000000e+00,6.696969779999999428e-01,3.700981730000000303e-01,7.634365760000000334e-01,7.007924509999999829e-01,3.204523360000000043e-01,5.000000000000000278e-02,7.027732000000000423e-02,1.000000000000000056e-01,9.685863100000000059e-02,9.864550129999999362e-01,8.779145799999999999e-01,3.929564939999999895e-01,4.325841000000000408e-03,1.995440700000000039e-02,6.930363999999999622e-03,8.002886700000000353e-02,1.599492220000000020e-01,7.741907999999999568e-01,7.397918549999999982e-01,9.664007230000000170e-01,5.363301820000000442e-01,6.259274479999999974e-01,7.028397100000000064e-01,3.096618850000000256e-01,1.662915099999999827e-02,7.194646439999999865e-01,4.635462770000000066e-01,8.887138329999999531e-01
2.245256479999999943e-01,1.000000000000000000e+00,6.501013860000000033e-01,3.686543110000000123e-01,7.712297820000000304e-01,7.007924509999999829e-01,3.204523360000000043e-01,5.000000000000000278e-02,7.027732000000000423e-02,1.000000000000000056e-01,9.685863100000000059e-02,9.956879100000000093e-01,8.526691510000000696e-01,3.888521200000000233e-01,4.325841000000000408e-03,1.995440700000000039e-02,6.930363999999999622e-03,5.511375599999999986e-02,1.766416329999999923e-01,7.765707269999999607e-01,7.397918549999999982e-01,9.664007230000000170e-01,5.363301820000000442e-01,6.259274479999999974e-01,7.028397100000000064e-01,3.096618850000000256e-01,1.662915099999999827e-02,7.194646439999999865e-01,4.635462770000000066e-01,8.887138329999999531e-01
2.384632689999999777e-01,1.000000000000000000e+00,6.437257899999999644e-01,3.695934820000000287e-01,7.810106540000000264e-01,7.007924509999999829e-01,3.204523360000000043e-01,5.000000000000000278e-02,7.027732000000000423e-02,1.000000000000000056e-01,9.685863100000000059e-02,9.705736649999999743e-01,8.693888910000000525e-01,3.862705419999999945e-01,4.325841000000000408e-03,1.995440700000000039e-02,6.930363999999999622e-03,6.849821899999999908e-02,1.666639739999999925e-01,7.756517400000000340e-01,7.397918549999999982e-01,9.664007230000000170e-01,5.363301820000000442e-01,6.259274479999999974e-01,7.028397100000000064e-01,3.096618850000000256e-01,1.662915099999999827e-02,7.194646439999999865e-01,4.635462770000000066e-01,8.887138329999999531e-01
2.488685109999999867e-01,9.984784319999999713e-01,6.650681569999999931e-01,3.638352320000000084e-01,7.841711010000000925e-01,7.007924509999999829e-01,3.204523360000000043e-01,5.000000000000000278e-02,7.027732000000000423e-02,1.000000000000000056e-01,9.685863100000000059e-02,9.921042649999999297e-01,8.731615460000000661e-01,3.876408390000000148e-01,4.325841000000000408e-03,1.995440700000000039e-02,6.930363999999999622e-03,5.988968499999999806e-02,1.648839159999999915e-01,7.886920869999999306e-01,7.397918549999999982e-01,9.664007230000000170e-01,5.363301820000000442e-01,6.259274479999999974e-01,7.028397100000000064e-01,3.096618850000000256e-01,1.662915099999999827e-02,7.194646439999999865e-01,4.635462770000000066e-01,8.887138329999999531e-01
2.382141969999999886e-01,1.000000000000000000e+00,6.516514369999999445e-01,3.908264080000000140e-01,7.740754480000000548e-01,7.007924509999999829e-01,3.204523360000000043e-01,5.000000000000000278e-02,7.027732000000000423e-02,1.000000000000000056e-01,9.685863100000000059e-02,9.668729749999999123e-01,8.600459010000000015e-01,3.891178710000000041e-01,4.325841000000000408e-03,1.995440700000000039e-02,6.930363999999999622e-03,8.149374500000000632e-02,1.773978300000000063e-01,7.751436240000000311e-01,7.397918549999999982e-01,9.664007230000000170e-01,5.363301820000000442e-01,6.259274479999999974e-01,7.028397100000000064e-01,3.096618850000000256e-01,1.662915099999999827e-02,7.194646439999999865e-01,4.635462770000000066e-01,8.887138329999999531e-01
2.353523240000000016e-01,1.000000000000000000e+00,6.436173589999999445e-01,3.691981939999999796e-01,7.678695990000000693e-01,7.007924509999999829e-01,3.204523360000000043e-01,5.000000000000000278e-02,7.027732000000000423e-02,1.000000000000000056e-01,9.685863100000000059e-02,9.882957279999999844e-01,8.730035950000000211e-01,3.770824610000000354e-01,4.325841000000000408e-03,1.995440700000000039e-02,6.930363999999999622e-03,5.690657300000000196e-02,1.853307750000000031e-01,7.906395979999999435e-01,7.397918549999999982e-01,9.664007230000000170e-01,5.363301820000000442e-01,6.259274479999999974e-01,7.028397100000000064e-01,3.096618850000000256e-01,1.662915099999999827e-02,7.194646439999999865e-01,4.635462770000000066e-01,8.887138329999999531e-01
2.267862310000000048e-01,1.000000000000000000e+00,6.638780739999999847e-01,3.738566190000000011e-01,7.772352130000000914e-01,7.007924509999999829e-01,3.204523360000000043e-01,5.000000000000000278e-02,7.027732000000000423e-02,1.000000000000000056e-01,9.685863100000000059e-02,9.709256519999999169e-01,8.795202860000000955e-01,3.919843120000000014e-01,4.325841000000000408e-03,1.995440700000000039e-02,6.930363999999999622e-03,7.706139500000000475e-02,1.734919970000000089e-01,7.896177269999999915e-01,7.397918549999999982e-01,9.664007230000000170e-01,5.363301820000000442e-01,6.259274479999999974e-01,7.028397100000000064e-01,3.096618850000000256e-01,1.662915099999999827e-02,7.194646439999999865e-01,4.635462770000000066e-01,8.887138329999999531e-01
2.429865649999999877e-01,1.000000000000000000e+00,6.488258269999999106e-01,3.833665649999999925e-01,7.592885310000000443e-01,7.007924509999999829e-01,3.204523360000000043e-01,5.000000000000000278e-02,7.027732000000000423e-02,1.000000000000000056e-01,9.685863100000000059e-02,9.671998349999999522e-01,8.552279919999999924e-01,3.912653610000000337e-01,4.325841000000000408e-03,1.995440700000000039e-02,6.930363999999999622e-03,7.012914100000000595e-02,1.844981480000000007e-01,7.932594279999999332e-01,7.397918549999999982e-01,9.664007230000000170e-01,5.363301820000000442e-01,6.259274479999999974e-01,7.028397100000000064e-01,3.096618850000000256e-01,1.662915099999999827e-02,7.194646439999999865e-01,4.635462770000000066e-01,8.887138329999999531e-01
2.235396719999999948e-01,1.000000000000000000e+00,6.585248870000000032e-01,3.811806489999999825e-01,7.674443490000000256e-01,7.007924509999999829e-01,3.204523360000000043e-01,5.000000000000000278e-02,7.027732000000000423e-02,1.000000000000000056e-01,9.685863100000000059e-02,9.668052039999999181e-01,8.545579080000000882e-01,3.793884940000000205e-01,4.325841000000000408e-03,1.995440700000000039e-02,6.930363999999999622e-03,7.542993700000000246e-02,1.726504449999999857e-01,7.773857180000000033e-01,7.397918549999999982e-01,9.664007230000000170e-01,5.363301820000000442e-01,6.259274479999999974e-01,7.028397100000000064e-01,3.096618850000000256e-01,1.662915099999999827e-02,7.194646439999999865e-01,4.635462770000000066e-01,8.887138329999999531e-01
2.502917649999999994e-01,1.000000000000000000e+00,6.588328310000000076e-01,3.847744359999999975e-01,7.779369289999999992e-01,7.007924509999999829e-01,3.204523360000000043e-01,5.000000000000000278e-02,7.027732000000000423e-02,1.000000000000000056e-01,9.685863100000000059e-02,9.895753499999999647e-01,8.784375770000000250e-01,3.968185860000000287e-01,4.325841000000000408e-03,1.995440700000000039e-02,6.930363999999999622e-03,8.363774900000001122e-02,1.817770549999999929e-01,7.867125019999999802e-01,7.397918549999999982e-01,9.664007230000000170e-01,5.363301820000000442e-01,6.259274479999999974e-01,7.028397100000000064e-01,3.096618850000000256e-01,1.662915099999999827e-02,7.194646439999999865e-01,4.635462770000000066e-01,8.887138329999999531e-01
2.250770440000000039e-01,1.000000000000000000e+00,6.563711869999999671e-01,3.869949470000000336e-01,7.806300850000000846e-01,7.007924509999999829e-01,3.204523360000000043e-01,5.000000000000000278e-02,7.027732000000000423e-02,1.000000000000000056e-01,9.685863100000000059e-02,9.750210529999999709e-01,8.671840560000000364e-01,3.839267299999999938e-01,4.325841000000000408e-03,1.995440700000000039e-02,6.930363999999999622e-03,6.685942899999999800e-02,1.642563840000000053e-01,7.839504379999999717e-01,7.397918549999999982e-01,9.664007230000000170e-01,5.363301820000000442e-01,6.259274479999999974e-01,7.028397100000000064e-01,3.096618850000000256e-01,1.662915099999999827e-02,7.194646439999999865e-01,4.635462770000000066e-01,8.887138329999999531e-01
2.434847529999999982e-01,1.000000000000000000e+00,6.452973199999999521e-01,3.805883400000000250e-01,7.784283700000000916e-01,7.007924509999999829e-01,3.204523360000000043e-01,5.000000000000000278e-02,7.027732000000000423e-02,1.000000000000000056e-01,9.685863100000000059e-02,9.963166499999999148e-01,8.559075369999999960e-01,3.945850690000000105e-01,4.325841000000000408e-03,1.995440700000000039e-02,6.930363999999999622e-03,6.058475500000000402e-02,1.833231449999999929e-01,7.806431969999999554e-01,7.397918549999999982e-01,9.664007230000000170e-01,5.363301820000000442e-01,6.259274479999999974e-01,7.028397100000000064e-01,3.096618850000000256e-01,1.662915099999999827e-02,7.194646439999999865e-01,4.635462770000000066e-01,8.887138329999999531e-01
2.526586719999999731e-01,1.000000000000000000e+00,6.448617359999999632e-01,3.888855099999999898e-01,7.669240540000000772e-01,7.007924509999999829e-01,3.204523360000000043e-01,5.000000000000000278e-02,7.027732000000000423e-02,1.000000000000000056e-01,9.685863100000000059e-02,9.937356899999999493e-01,8.595883050000000525e-01,3.784703150000000016e-01,4.325841000000000408e-03,1.995440700000000039e-02,6.930363999999999622e-03,5.735592000000000468e-02,1.808314179999999938e-01,7.918206740000000021e-01,7.397918549999999982e-01,9.664007230000000170e-01,5.363301820000000442e-01,6.259274479999999974e-01,7.028397100000000064e-01,3.096618850000000256e-01,1.662915099999999827e-02,7.194646439999999865e-01,4.635462770000000066e-01,8.887138329999999531e-01
2.294784409999999775e-01,1.000000000000000000e+00,6.561399399999999771e-01,3.839688860000000092e-01,7.646682360000000012e-01,7.007924509999999829e-01,3.204523360000000043e-01,5.000000000000000278e-02,7.027732000000000423e-02,1.000000000000000056e-01,9.685863100000000059e-02,9.805723490000000098e-01,8.819827319999999915e-01,3.792710470000000278e-01,4.325841000000000408e-03,1.995440700000000039e-02,6.930363999999999622e-03,6.932954299999999348e-02,1.685030819999999985e-01,7.960395150000000308e-01,7.397918549999999982e-01,9.664007230000000170e-01,5.363301820000000442e-01,6.259274479999999974e-01,7.028397100000000064e-01,3.096618850000000256e-01,1.662915099999999827e-02,7.194646439999999865e-01,4.635462770000000066e-01,8.887138329999999531e-01
2.470539219999999814e-01,1.000000000000000000e+00,6.612402179999999907e-01,3.820296020000000237e-01,7.816862020000000522e-01,7.007924509999999829e-01,3.204523360000000043e-01,5.000000000000000278e-02,7.027732000000000423e-02,1.000000000000000056e-01,9.685863100000000059e-02,9.902102680000000046e-01,8.699001020000000084e-01,3.857294900000000082e-01,4.325841000000000408e-03,1.995440700000000039e-02,6.930363999999999622e-03,6.795351600000000547e-02,1.722711650000000039e-01,7.934982560000000129e-01,7.397918549999999982e-01,9.664007230000000170e-01,5.363301820000000442e-01,6.259274479999999974e-01,7.028397100000000064e-01,3.096618850000000256e-01,1.662915099999999827e-02,7.194646439999999865e-01,4.635462770000000066e-01,8.887138329999999531e-01
2.439933299999999805e-01,1.000000000000000000e+00,6.504992739999999607e-01,3.661183860000000179e-01,7.812926660000000245e-01,7.007924509999999829e-01,3.204523360000000043e-01,5.000000000000000278e-02,7.027732000000000423e-02,1.000000000000000056e-01,9.685863100000000059e-02,9.839556379999999658e-01,8.606258660000000171e-01,3.795697860000000201e-01,4.325841000000000408e-03,1.995440700000000039e-02,6.930363999999999622e-03,6.006991799999999992e-02,1.840110620000000030e-01,7.810004050000000086e-01,7.397918549999999982e-01,9.664007230000000170e-01,5.363301820000000442e-01,6.259274479999999974e-01,7.028397100000000064e-01,3.096618850000000256e-01,1.662915099999999827e-02,7.194646439999999865e-01,4.635462770000000066e-01,8.887138329999999531e-01
2.474163299999999899e-01,1.000000000000000000e+00,6.486791519999999256e-01,3.770885800000000065e-01,7.869601760000000112e-01,7.007924509999999829e-01,3.204523360000000043e-01,5.000000000000000278e-02,7.027732000000000423e-02,1.000000000000000056e-01,9.685863100000000059e-02,9.954126749999999690e-01,8.810030910000000715e-01,3.689301030000000092e-01,4.325841000000000408e-03,1.995440700000000039e-02,6.930363999999999622e-03,5.526702800000000276e-02,1.713925980000000071e-01,7.834797679999999653e-01,7.397918549999999982e-01,9.664007230000000170e-01,5.363301820000000442e-01,6.259274479999999974e-01,7.028397100000000064e-01,3.096618850000000256e-01,1.662915099999999827e-02,7.194646439999999865e-01,4.635462770000000066e-01,8.887138329999999531e-01
2.300327549999999777e-01,1.000000000000000000e+00,6.427529759999999204e-01,3.743603050000000043e-01,7.652826390000000423e-01,7.007924509999999829e-01,3.204523360000000043e-01,5.000000000000000278e-02,7.027732000000000423e-02,1.000000000000000056e-01,9.685863100000000059e-02,9.777889249999999199e-01,8.823564440000000175e-01,3.795055500000000248e-01,4.325841000000000408e-03,1.995440700000000039e-02,6.930363999999999622e-03,7.681317199999999901e-02,1.796661850000000060e-01,7.891877830000000316e-01,7.397918549999999982e-01,9.664007230000000170e-01,5.363301820000000442e-01,6.259274479999999974e-01,7.028397100000000064e-01,3.096618850000000256e-01,1.662915099999999827e-02,7.194646439999999865e-01,4.635462770000000066e-01,8.887138329999999531e-01
2.293612379999999951e-01,1.000000000000000000e+00,6.511254479999999401e-01,3.690952849999999952e-01,7.617084050000000328e-01,7.007924509999999829e-01,3.204523360000000043e-01,5.000000000000000278e-02,7.027732000000000423e-02,1.000000000000000056e-01,9.685863100000000059e-02,9.822791639999999269e-01,8.607656360000000006e-01,3.921920859999999953e-01,4.325841000000000408e-03,1.995440700000000039e-02,6.930363999999999622e-03,5.863307100000000188e-02,1.791222859999999917e-01,7.931272849999999597e-01,7.397918549999999982e-01,9.664007230000000170e-01,5.363301820000000442e-01,6.259274479999999974e-01,7.028397100000000064e-01,3.096618850000000256e-01,1.662915099999999827e-02,7.194646439999999865e-01,4.635462770000000066e-01,8.887138329999999531e-01
2.379063800000000006e-01,1.000000000000000000e+00,6.598648400000000080e-01,3.648616030000000343e-01,7.871990280000000784e-01,7.007924509999999829e-01,3.204523360000000043e-01,5.000000000000000278e-02,7.027732000000000423e-02,1.000000000000000056e-01,9.685863100000000059e-02,9.703932489999999023e-01,8.592871920000000330e-01,3.700777490000000114e-01,4.325841000000000408e-03,1.995440700000000039e-02,6.930363999999999622e-03,7.385793799999999798e-02,1.647845129999999936e-01,7.917400479999999741e-01,7.397918549999999982e-01,9.664007230000000170e-01,5.363301820000000442e-01,6.259274479999999974e-01,7.028397100000000064e-01,3.096618850000000256e-01,1.662915099999999827e-02,7.194646439999999865e-01,4.635462770000000066e-01,8.887138329999999531e-01
2.362239889999999953e-01,1.000000000000000000e+00,6.634996539999999943e-01,3.780977899999999892e-01,7.830994860000000113e-01,7.007924509999999829e-01,3.204523360000000043e-01,5.000000000000000278e-02,7.027732000000000423e-02,1.000000000000000056e-01,9.685863100000000059e-02,9.951780009999999788e-01,8.602341780000000160e-01,3.848591330000000199e-01,4.325841000000000408e-03,1.995440700000000039e-02,6.930363999999999622e-03,7.670202100000000911e-02,1.692105100000000084e-01,8.032214100000000245e-01,7.397918549999999982e-01,9.664007230000000170e-01,5.363301820000000442e-01,6.259274479999999974e-01,7.028397100000000064e-01,3.096618850000000256e-01,1.662915099999999827e-02,7.194646439999999865e-01,4.635462770000000066e-01,8.887138329999999531e-01
2.400018059999999842e-01,1.000000000000000000e+00,6.678911180000000058e-01,3.650092710000000240e-01,7.744630900000000207e-01,7.007924509999999829e-01,3.204523360000000043e-01,5.000000000000000278e-02,7.027732000000000423e-02,1.000000000000000056e-01,9.685863100000000059e-02,9.912726749999999365e-01,8.748546340000000754e-01,3.901330620000000304e-01,4.325841000000000408e-03,1.995440700000000039e-02,6.930363999999999622e-03,7.770415999999999435e-02,1.743092360000000063e-01,7.829200290000000173e-01,7.397918549999999982e-01,9.664007230000000170e-01,5.363301820000000442e-01,6.259274479999999974e-01,7.028397100000000064e-01,3.096618850000000256e-01,1.662915099999999827e-02,7.194646439999999865e-01,4.635462770000000066e-01,8.887138329999999531e-01
2.441088299999999989e-01,1.000000000000000000e+00,6.495002340000000096e-01,3.658708820000000084e-01,7.702638160000000456e-01,7.007924509999999829e-01,3.204523360000000043e-01,5.000000000000000278e-02,7.027732000000000423e-02,1.000000000000000056e-01,9.685863100000000059e-02,9.741366009999999909e-01,8.756145470000000763e-01,3.872308400000000206e-01,4.325841000000000408e-03,1.995440700000000039e-02,6.930363999999999622e-03,8.214719800000000460e-02,1.621209070000000085e-01,7.977701939999999325e-01,7.397918549999999982e-01,9.664007230000000170e-01,5.363301820000000442e-01,6.259274479999999974e-01,7.028397100000000064e-01,3.096618850000000256e-01,1.662915099999999827e-02,7.194646439999999865e-01,4.635462770000000066e-01,8.887138329999999531e-01
2.389345340000000040e-01,1.000000000000000000e+00,6.559944979999999815e-01,3.670539930000000228e-01,7.583766360000000484e-01,7.007924509999999829e-01,3.204523360000000043e-01,5.000000000000000278e-02,7.027732000000000423e-02,1.000000000000000056e-01,9.685863100000000059e-02,9.880481700000000034e-01,8.529301089999999919e-01,3.948980510000000277e-01,4.325841000000000408e-03,1.995440700000000039e-02,6.930363999999999622e-03,5.593786400000000381e-02,1.721094860000000060e-01,7.872350449999999666e-01,7.397918549999999982e-01,9.664007230000000170e-01,5.363301820000000442e-01,6.259274479999999974e-01,7.028397100000000064e-01,3.096618850000000256e-01,1.662915099999999827e-02,7.194646439999999865e-01,4.635462770000000066e-01,8.887138329999999531e-01
2.326349020000000045e-01,1.000000000000000000e+00,6.657557749999999386e-01,3.818605930000000259e-01,7.760343870000000477e-01,7.007924509999999829e-01,3.204523360000000043e-01,5.000000000000000278e-02,7.027732000000000423e-02,1.000000000000000056e-01,9.685863100000000059e-02,9.829689659999999440e-01,8.804937150000000656e-01,3.751530540000000413e-01,4.325841000000000408e-03,1.995440700000000039e-02,6.930363999999999622e-03,6.379592500000000332e-02,1.759537629999999853e-01,8.013248760000000193e-01,7.397918549999999982e-01,9.664007230000000170e-01,5.363301820000000442e-01,6.259274479999999974e-01,7.028397100000000064e-01,3.096618850000000256e-01,1.662915099999999827e-02,7.194646439999999865e-01,4.635462770000000066e-01,8.887138329999999531e-01
2.312324849999999876e-01,1.000000000000000000e+00,6.595185489999999540e-01,3.802310780000000001e-01,7.698410220000000415e-01,7.007924509999999829e-01,3.204523360000000043e-01,5.000000000000000278e-02,7.027732000000000423e-02,1.000000000000000056e-01,9.685863100000000059e-02,9.726871409999999774e-01,8.657061360000000150e-01,3.790716430000000137e-01,4.325841000000000408e-03,1.995440700000000039e-02,6.930363999999999622e-03,6.970256799999999253e-02,1.694870420000000044e-01,7.845367199999999652e-01,7.397918549999999982e-01,9.664007230000000170e-01,5.363301820000000442e-01,6.259274479999999974e-01,7.028397100000000064e-01,3.096618850000000256e-01,1.662915099999999827e-02,7.194646439999999865e-01,4.635462770000000066e-01,8.887138329999999531e-01
2.370037600000000078e-01,1.000000000000000000e+00,6.532112509999999928e-01,3.704669959999999929e-01,7.585285180000000960e-01,7.007924509999999829e-01,3.204523360000000043e-01,5.000000000000000278e-02,7.027732000000000423e-02,1.000000000000000056e-01,9.685863100000000059e-02,9.664526459999999153e-01,8.765610390000000418e-01,3.953522939999999930e-01,4.325841000000000408e-03,1.995440700000000039e-02,6.930363999999999622e-03,7.595017500000000865e-02,1.687810080000000101e-01,7.915789959999999237e-01,7.397918549999999982e-01,9.664007230000000170e-01,5.363301820000000442e-01,6.259274479999999974e-01,7.028397100000000064e-01,3.096618850000000256e-01,1.662915099999999827e-02,7.194646439999999865e-01,4.635462770000000066e-01,8.887138329999999531e-01
2.509901559999999643e-01,9.989882679999999571e-01,6.513650589999999685e-01,3.853556190000000381e-01,7.785610840000000143e-01,7.007924509999999829e-01,3.204523360000000043e-01,5.000000000000000278e-02,7.027732000000000423e-02,1.000000000000000056e-01,9.685863100000000059e-02,9.687314830000000043e-01,8.582158730000000180e-01,3.714630780000000021e-01,4.325841000000000408e-03,1.995440700000000039e-02,6.930363999999999622e-03,6.779252700000000520e-02,1.712807110000000022e-01,7.804726049999999304e-01,7.397918549999999982e-01,9.664007230000000170e-01,5.363301820000000442e-01,6.259274479999999974e-01,7.028397100000000064e-01,3.096618850000000256e-01,1.662915099999999827e-02,7.194646439999999865e-01,4.635462770000000066e-01,8.887138329999999531e-01
2.482672699999999844e-01,9.992261909999999858e-01,6.608930739999999693e-01,3.857528290000000193e-01,7.727184000000000275e-01,7.007924509999999829e-01,3.204523360000000043e-01,5.000000000000000278e-02,7.027732000000000423e-02,1.000000000000000056e-01,9.685863100000000059e-02,9.743031689999999134e-01,8.673550210000000593e-01,3.897406130000000135e-01,4.325841000000000408e-03,1.995440700000000039e-02,6.930363999999999622e-03,7.051054600000000727e-02,1.786457499999999921e-01,7.938600620000000330e-01,7.397918549999999982e-01,9.664007230000000170e-01,5.363301820000000442e-01,6.259274479999999974e-01,7.028397100000000064e-01,3.096618850000000256e-01,1.662915099999999827e-02,7.194646439999999865e-01,4.635462770000000066e-01,8.887138329999999531e-01
2.350796299999999839e-01,1.000000000000000000e+00,6.520564409999999311e-01,3.759030669999999796e-01,7.592195110000000691e-01,7.007924509999999829e-01,3.204523360000000043e-01,5.000000000000000278e-02,7.027732000000000423e-02,1.000000000000000056e-01,9.685863100000000059e-02,9.909788359999999185e-01,8.721177469999999987e-01,3.699467800000000306e-01,4.325841000000000408e-03,1.995440700000000039e-02,6.930363999999999622e-03,8.288645399999999830e-02,1.734790230000000100e-01,7.856560769999999527e-01,7.397918549999999982e-01,9.664007230000000170e-01,5.363301820000000442e-01,6.259274479999999974e-01,7.028397100000000064e-01,3.096618850000000256e-01,1.662915099999999827e-02,7.194646439999999865e-01,4.635462770000000066e-01,8.887138329999999531e-01
2.390567399999999898e-01,1.000000000000000000e+00,6.606961809999999380e-01,3.822821020000000125e-01,7.694374409999999997e-01,7.007924509999999829e-01,3.204523360000000043e-01,5.000000000000000278e-02,7.027732000000000423e-02,1.000000000000000056e-01,9.685863100000000059e-02,9.820789009999999486e-01,8.757965640000000551e-01,3.735924330000000015e-01,4.325841000000000408e-03,1.995440700000000039e-02,6.930363999999999622e-03,5.889726800000000262e-02,1.756278759999999883e-01,7.951298829999999818e-01,7.397918549999999982e-01,9.664007230000000170e-01,5.363301820000000442e-01,6.259274479999999974e-01,7.028397100000000064e-01,3.096618850000000256e-01,1.662915099999999827e-02,7.194646439999999865e-01,4.635462770000000066e-01,8.887138329999999531e-01
2.424373099999999892e-01,1.000000000000000000e+00,6.605108570000000068e-01,3.826221630000000151e-01,7.642644180000000009e-01,7.007924509999999829e-01,3.204523360000000043e-01,5.000000000000000278e-02,7.027732000000000423e-02,1.000000000000000056e-01,9.685863100000000059e-02,9.802976769999999229e-01,8.790020620000000839e-01,3.801884450000000415e-01,4.325841000000000408e-03,1.995440700000000039e-02,6.930363999999999622e-03,8.251732200000000406e-02,1.657596789999999931e-01,7.801825419999999234e-01,7.397918549999999982e-01,9.664007230000000170e-01,5.363301820000000442e-01,6.259274479999999974e-01,7.028397100000000064e-01,3.096618850000000256e-01,1.662915099999999827e-02,7.194646439999999865e-01,4.635462770000000066e-01,8.887138329999999531e-01
2.492333310000000024e-01,1.000000000000000000e+00,6.721359369999999611e-01,3.772694469999999800e-01,7.815094590000000174e-01,7.007924509999999829e-01,3.204523360000000043e-01,5.000000000000000278e-02,7.027732000000000423e-02,1.000000000000000056e-01,9.685863100000000059e-02,9.872988209999999931e-01,8.701467820000000630e-01,3.778020870000000087e-01,4.325841000000000408e-03,1.995440700000000039e-02,6.930363999999999622e-03,8.186290799999999812e-02,1.835677209999999893e-01,7.796099410000000285e-01,7.397918549999999982e-01,9.664007230000000170e-01,5.363301820000000442e-01,6.259274479999999974e-01,7.028397100000000064e-01,3.096618850000000256e-01,1.662915099999999827e-02,7.194646439999999865e-01,4.635462770000000066e-01,8.887138329999999531e-01
2.447678130000000007e-01,1.000000000000000000e+00,6.462907769999999275e-01,3.808391489999999879e-01,7.779940490000000208e-01,7.007924509999999829e-01,3.204523360000000043e-01,5.000000000000000278e-02,7.027732000000000423e-02,1.000000000000000056e-01,9.685863100000000059e-02,9.693410919999999598e-01,8.635379770000000121e-01,3.976092600000000199e-01,4.325841000000000408e-03,1.995440700000000039e-02,6.930363999999999622e-03,6.815013600000000005e-02,1.782279380000000024e-01,7.942661359999999560e-01,7.397918549999999982e-01,9.664007230000000170e-01,5.363301820000000442e-01,6.259274479999999974e-01,7.028397100000000064e-01,3.096618850000000256e-01,1.662915099999999827e-02,7.194646439999999865e-01,4.635462770000000066e-01,8.887138329999999531e-01
2.398292749999999807e-01,1.000000000000000000e+00,6.575013339999999928e-01,3.896231130000000209e-01,7.853178250000000249e-01,7.007924509999999829e-01,3.204523360000000043e-01,5.000000000000000278e-02,7.027732000000000423e-02,1.000000000000000056e-01,9.685863100000000059e-02,9.720379129999999757e-01,8.711640810000000901e-01,3.909997339999999877e-01,4.325841000000000408e-03,1.995440700000000039e-02,6.930363999999999622e-03,6.503004400000000906e-02,1.600607049999999976e-01,8.010516599999999432e-01,7.397918549999999982e-01,9.664007230000000170e-01,5.363301820000000442e-01,6.259274479999999974e-01,7.028397100000000064e-01,3.096618850000000256e-01,1.662915099999999827e-02,7.194646439999999865e-01,4.635462770000000066e-01,8.887138329999999531e-01
2.463305949999999855e-01,1.000000000000000000e+00,6.674849769999999793e-01,3.748331440000000070e-01,7.607522490000000470e-01,7.007924509999999829e-01,3.204523360000000043e-01,5.000000000000000278e-02,7.027732000000000423e-02,1.000000000000000056e-01,9.685863100000000059e-02,9.748072649999999228e-01,8.553959200000000873e-01,3.806312110000000248e-01,4.325841000000000408e-03,1.995440700000000039e-02,6.930363999999999622e-03,7.561028499999999930e-02,1.819107309999999922e-01,7.923831289999999639e-01,7.397918549999999982e-01,9.664007230000000170e-01,5.363301820000000442e-01,6.259274479999999974e-01,7.028397100000000064e-01,3.096618850000000256e-01,1.662915099999999827e-02,7.194646439999999865e-01,4.635462770000000066e-01,8.887138329999999531e-01
2.255429369999999989e-01,1.000000000000000000e+00,6.460271539999999924e-01,3.920080630000000177e-01,7.860088270000000765e-01,7.007924509999999829e-01,3.204523360000000043e-01,5.000000000000000278e-02,7.027732000000000423e-02,1.000000000000000056e-01,9.685863100000000059e-02,9.674183519999999259e-01,8.781199310000000757e-01,3.760293330000000211e-01,4.325841000000000408e-03,1.995440700000000039e-02,6.930363999999999622e-03,5.917144100000000517e-02,1.810437790000000158e-01,7.880641649999999832e-01,7.397918549999999982e-01,9.664007230000000170e-01,5.363301820000000442e-01,6.259274479999999974e-01,7.028397100000000064e-01,3.096618850000000256e-01,1.662915099999999827e-02,7.194646439999999865e-01,4.635462770000000066e-01,8.887138329999999531e-01
2.415747419999999812e-01,9.996166880000000310e-01,6.533879719999999836e-01,3.793588079999999918e-01,7.637203320000000017e-01,7.007924509999999829e-01,3.204523360000000043e-01,5.000000000000000278e-02,7.027732000000000423e-02,1.000000000000000056e-01,9.685863100000000059e-02,9.804394810000000016e-01,8.540343670000000165e-01,3.686915279999999906e-01,4.325841000000000408e-03,1.995440700000000039e-02,6.930363999999999622e-03,6.769516100000000369e-02,1.701816640000000103e-01,7.760457490000000069e-01,7.397918549999999982e-01,9.664007230000000170e-01,5.363301820000000442e-01,6.259274479999999974e-01,7.028397100000000064e-01,3.096618850000000256e-01,1.662915099999999827e-02,7.194646439999999865e-01,4.635462770000000066e-01,8.887138329999999531e-01
2.412229439999999947e-01,1.000000000000000000e+00,6.666020899999999250e-01,3.854926920000000257e-01,7.751753250000000817e-01,7.007924509999999829e-01,3.204523360000000043e-01,5.000000000000000278e-02,7.027732000000000423e-02,1.000000000000000056e-01,9.685863100000000059e-02,9.789356750000000051e-01,8.563284580000000146e-01,3.819427670000000163e-01,4.325841000000000408e-03,1.995440700000000039e-02,6.930363999999999622e-03,7.144451899999999800e-02,1.612567139999999954e-01,7.842404109999999706e-01,7.397918549999999982e-01,9.664007230000000170e-01,5.363301820000000442e-01,6.259274479999999974e-01,7.028397100000000064e-01,3.096618850000000256e-01,1.662915099999999827e-02,7.194646439999999865e-01,4.635462770000000066e-01,8.887138329999999531e-01
2.315602850000000046e-01,1.000000000000000000e+00,6.486368999999999607e-01,3.911586579999999924e-01,7.818408300000000422e-01,7.007924509999999829e-01,3.204523360000000043e-01,5.000000000000000278e-02,7.027732000000000423e-02,1.000000000000000056e-01,9.685863100000000059e-02,9.679511989999999289e-01,8.652604620000000635e-01,3.774514890000000289e-01,4.325841000000000408e-03,1.995440700000000039e-02,6.930363999999999622e-03,7.431901300000000321e-02,1.806640559999999895e-01,7.825236359999999669e-01,7.397918549999999982e-01,9.664007230000000170e-01,5.363301820000000442e-01,6.259274479999999974e-01,7.028397100000000064e-01,3.096618850000000256e-01,1.662915099999999827e-02,7.194646439999999865e-01,4.635462770000000066e-01,8.887138329999999531e-01
2.464285900000000029e-01,1.000000000000000000e+00,6.584095289999999379e-01,3.669370200000000026e-01,7.601663560000000430e-01,7.007924509999999829e-01,3.204523360000000043e-01,5.000000000000000278e-02,7.027732000000000423e-02,1.000000000000000056e-01,9.685863100000000059e-02,9.947379979999999566e-01,8.629558540000000777e-01,3.776480080000000350e-01,4.325841000000000408e-03,1.995440700000000039e-02,6.930363999999999622e-03,7.094767800000000013e-02,1.768219369999999846e-01,7.793237269999999661e-01,7.397918549999999982e-01,9.664007230000000170e-01,5.363301820000000442e-01,6.259274479999999974e-01,7.028397100000000064e-01,3.096618850000000256e-01,1.662915099999999827e-02,7.194646439999999865e-01,4.635462770000000066e-01,8.887138329999999531e-01
2.476985059999999850e-01,1.000000000000000000e+00,6.536135269999999720e-01,3.673408850000000059e-01,7.844523160000000939e-01,7.007924509999999829e-01,3.204523360000000043e-01,5.000000000000000278e-02,7.027732000000000423e-02,1.000000000000000056e-01,9.685863100000000059e-02,9.922115959999999735e-01,8.563859129999999986e-01,3.711634970000000089e-01,4.325841000000000408e-03,1.995440700000000039e-02,6.930363999999999622e-03,6.599603600000000792e-02,1.684309320000000054e-01,7.881087589999999921e-01,7.397918549999999982e-01,9.664007230000000170e-01,5.363301820000000442e-01,6.259274479999999974e-01,7.028397100000000064e-01,3.096618850000000256e-01,1.662915099999999827e-02,7.194646439999999865e-01,4.635462770000000066e-01,8.887138329999999531e-01
2.325496009999999947e-01,1.000000000000000000e+00,6.515482769999999535e-01,3.684042069999999836e-01,7.665938880000000566e-01,7.007924509999999829e-01,3.204523360000000043e-01,5.000000000000000278e-02,7.027732000000000423e-02,1.000000000000000056e-01,9.685863100000000059e-02,9.837270109999999290e-01,8.585781600000000902e-01,3.704792560000000345e-01,4.325841000000000408e-03,1.995440700000000039e-02,6.930363999999999622e-03,6.899365200000000253e-02,1.669102319999999917e-01,7.771865540000000294e-01,7.397918549999999982e-01,9.664007230000000170e-01,5.363301820000000442e-01,6.259274479999999974e-01,7.028397100000000064e-01,3.096618850000000256e-01,1.662915099999999827e-02,7.194646439999999865e-01,4.635462770000000066e-01,8.887138329999999531e-01
2.330594829999999840e-01,1.000000000000000000e+00,6.499043839999999461e-01,3.894796620000000043e-01,7.796989980000000875e-01,7.007924509999999829e-01,3.204523360000000043e-01,5.000000000000000278e-02,7.027732000000000423e-02,1.000000000000000056e-01,9.685863100000000059e-02,9.833993420000000096e-01,8.679340160000000859e-01,3.705687760000000441e-01,4.325841000000000408e-03,1.995440700000000039e-02,6.930363999999999622e-03,6.253500100000000672e-02,1.719301380000000101e-01,7.882484549999999590e-01,7.397918549999999982e-01,9.664007230000000170e-01,5.363301820000000442e-01,6.259274479999999974e-01,7.028397100000000064e-01,3.096618850000000256e-01,1.662915099999999827e-02,7.194646439999999865e-01,4.635462770000000066e-01,8.887138329999999531e-01
2.295844579999999913e-01,1.000000000000000000e+00,6.582165119999999758e-01,3.876036979999999965e-01,7.594608580000000719e-01,7.007924509999999829e-01,3.204523360000000043e-01,5.000000000000000278e-02,7.027732000000000423e-02,1.000000000000000056e-01,9.685863100000000059e-02,9.729721769999999381e-01,8.777480980000000876e-01,3.913789730000000189e-01,4.325841000000000408e-03,1.995440700000000039e-02,6.930363999999999622e-03,5.931498400000000115e-02,1.856162510000000099e-01,7.844513840000000293e-01,7.397918549999999982e-01,9.664007230000000170e-01,5.363301820000000442e-01,6.259274479999999974e-01,7.028397100000000064e-01,3.096618850000000256e-01,1.662915099999999827e-02,7.194646439999999865e-01,4.635462770000000066e-01,8.887138329999999531e-01
2.379754239999999910e-01,1.000000000000000000e+00,6.717619029999999380e-01,3.654184400000000110e-01,7.863348810000000411e-01,7.007924509999999829e-01,3.204523360000000043e-01,5.000000000000000278e-02,7.027732000000000423e-02,1.000000000000000056e-01,9.685863100000000059e-02,9.767477369999999492e-01,8.770174980000000620e-01,3.865860890000000216e-01,4.325841000000000408e-03,1.995440700000000039e-02,6.930363999999999622e-03,5.664009500000000141e-02,1.837463920000000084e-01,7.972814369999999817e-01,7.397918549999999982e-01,9.664007230000000170e-01,5.363301820000000442e-01,6.259274479999999974e-01,7.028397100000000064e-01,3.096618850000000256e-01,1.662915099999999827e-02,7.194646439999999865e-01,4.635462770000000066e-01,8.887138329999999531e-01
2.452315509999999921e-01,1.000000000000000000e+00,6.525340759999999074e-01,3.836713159999999845e-01,7.726513440000000177e-01,7.007924509999999829e-01,3.204523360000000043e-01,5.000000000000000278e-02,7.027732000000000423e-02,1.000000000000000056e-01,9.685863100000000059e-02,9.744914599999999760e-01,8.547986320000000582e-01,3.938797240000000421e-01,4.325841000000000408e-03,1.995440700000000039e-02,6.930363999999999622e-03,8.104465099999999533e-02,1.653667739999999942e-01,7.780457179999999973e-01,7.397918549999999982e-01,9.664007230000000170e-01,5.363301820000000442e-01,6.259274479999999974e-01,7.028397100000000064e-01,3.096618850000000256e-01,1.662915099999999827e-02,7.194646439999999865e-01,4.635462770000000066e-01,8.887138329999999531e-01
2.339492159999999876e-01,1.000000000000000000e+00,6.639253549999999393e-01,3.814736679999999880e-01,7.737571420000000089e-01,7.007924509999999829e-01,3.204523360000000043e-01,5.000000000000000278e-02,7.027732000000000423e-02,1.000000000000000056e-01,9.685863100000000059e-02,9.938966859999999182e-01,8.569339220000000701e-01,3.746674950000000170e-01,4.325841000000000408e-03,1.995440700000000039e-02,6.930363999999999622e-03,6.208893099999999998e-02,1.828580670000000130e-01,7.762266930000000231e-01,7.397918549999999982e-01,9.664007230000000170e-01,5.363301820000000442e-01,6.259274479999999974e-01,7.028397100000000064e-01,3.096618850000000256e-01,1.662915099999999827e-02,7.194646439999999865e-01,4.635462770000000066e-01,8.887138329999999531e-01
2.519689969999999724e-01,1.000000000000000000e+00,6.528142559999999817e-01,3.920941500000000302e-01,7.630755030000000438e-01,7.007924509999999829e-01,3.204523360000000043e-01,5.000000000000000278e-02,7.027732000000000423e-02,1.000000000000000056e-01,9.685863100000000059e-02,9.857274689999999673e-01,8.551352670000000877e-01,3.849417220000000417e-01,4.325841000000000408e-03,1.995440700000000039e-02,6.930363999999999622e-03,7.350373300000000165e-02,1.860620779999999919e-01,7.908983050000000237e-01,7.397918549999999982e-01,9.664007230000000170e-01,5.363301820000000442e-01,6.259274479999999974e-01,7.028397100000000064e-01,3.096618850000000256e-01,1.662915099999999827e-02,7.194646439999999865e-01,4.635462770000000066e-01,8.887138329999999531e-01
2.407418319999999889e-01,1.000000000000000000e+00,6.428843569999999064e-01,3.885930149999999861e-01,7.766926000000000663e-01,7.007924509999999829e-01,3.204523360000000043e-01,5.000000000000000278e-02,7.027732000000000423e-02,1.000000000000000056e-01,9.685863100000000059e-02,9.867682509999999851e-01,8.650293480000000867e-01,3.813724480000000305e-01,4.325841000000000408e-03,1.995440700000000039e-02,6.930363999999999622e-03,8.129105999999999832e-02,1.625730449999999994e-01,7.799407079999999270e-01,7.397918549999999982e-01,9.664007230000000170e-01,5.363301820000000442e-01,6.259274479999999974e-01,7.028397100000000064e-01,3.096618850000000256e-01,1.662915099999999827e-02,7.194646439999999865e-01,4.635462770000000066e-01,8.887138329999999531e-01
2.522736389999999940e-01,1.000000000000000000e+00,6.539657519999999558e-01,3.910729520000000292e-01,7.756424040000000630e-01,7.007924509999999829e-01,3.204523360000000043e-01,5.000000000000000278e-02,7.027732000000000423e-02,1.000000000000000056e-01,9.685863100000000059e-02,9.741215769999999052e-01,8.767381750000000640e-01,3.799983600000000350e-01,4.325841000000000408e-03,1.995440700000000039e-02,6.930363999999999622e-03,6.548704199999999531e-02,1.756764000000000103e-01,7.956249370000000321e-01,7.397918549999999982e-01,9.664007230000000170e-01,5.363301820000000442e-01,6.259274479999999974e-01,7.028397100000000064e-01,3.096618850000000256e-01,1.662915099999999827e-02,7.194646439999999865e-01,4.635462770000000066e-01,8.887138329999999531e-01
2.272545390000000054e-01,1.000000000000000000e+00,6.588994049999999936e-01,3.715936049999999935e-01,7.707544230000000773e-01,7.007924509999999829e-01,3.204523360000000043e-01,5.000000000000000278e-02,7.027732000000000423e-02,1.000000000000000056e-01,9.685863100000000059e-02,9.786677999999999766e-01,8.739921010000000212e-01,3.900322649999999891e-01,4.325841000000000408e-03,1.995440700000000039e-02,6.930363999999999622e-03,6.015969799999999756e-02,1.760124080000000091e-01,8.026558129999999958e-01,7.397918549999999982e-01,9.664007230000000170e-01,5.363301820000000442e-01,6.259274479999999974e-01,7.028397100000000064e-01,3.096618850000000256e-01,1.662915099999999827e-02,7.194646439999999865e-01,4.635462770000000066e-01,8.887138329999999531e-01
2.273260970000000047e-01,1.000000000000000000e+00,6.592716599999999261e-01,3.883558900000000369e-01,7.648944659999999951e-01,7.007924509999999829e-01,3.204523360000000043e-01,5.000000000000000278e-02,7.027732000000000423e-02,1.000000000000000056e-01,9.685863100000000059e-02,9.925950949999999828e-01,8.808362570000000114e-01,3.748032300000000427e-01,4.325841000000000408e-03,1.995440700000000039e-02,6.930363999999999622e-03,6.603460399999999675e-02,1.656459879999999940e-01,8.017755429999999794e-01,7.397918549999999982e-01,9.664007230000000170e-01,5.363301820000000442e-01,6.259274479999999974e-01,7.028397100000000064e-01,3.096618850000000256e-01,1.662915099999999827e-02,7.194646439999999865e-01,4.635462770000000066e-01,8.887138329999999531e-01
2.303686289999999914e-01,1.000000000000000000e+00,6.616492699999999560e-01,3.766896200000000028e-01,7.635014270000000103e-01,7.007924509999999829e-01,3.204523360000000043e-01,5.000000000000000278e-02,7.027732000000000423e-02,1.000000000000000056e-01,9.685863100000000059e-02,9.734024049999999706e-01,8.774523020000000173e-01,3.868039790000000200e-01,4.325841000000000408e-03,1.995440700000000039e-02,6.930363999999999622e-03,6.064132299999999698e-02,1.770008339999999958e-01,7.979459140000000339e-01,7.397918549999999982e-01,9.664007230000000170e-01,5.363301820000000442e-01,6.259274479999999974e-01,7.028397100000000064e-01,3.096618850000000256e-01,1.662915099999999827e-02,7.194646439999999865e-01,4.635462770000000066e-01,8.887138329999999531e-01
2.401371659999999852e-01,1.000000000000000000e+00,6.716514099999999488e-01,3.909158830000000195e-01,7.852395900000000983e-01,7.007924509999999829e-01,3.204523360000000043e-01,5.000000000000000278e-02,7.027732000000000423e-02,1.000000000000000056e-01,9.685863100000000059e-02,9.711265069999999167e-01,8.623957600000000667e-01,3.978832919999999995e-01,4.325841000000000408e-03,1.995440700000000039e-02,6.930363999999999622e-03,7.481419200000000158e-02,1.612087459999999861e-01,7.813400389999999307e-01,7.397918549999999982e-01,9.664007230000000170e-01,5.363301820000000442e-01,6.259274479999999974e-01,7.028397100000000064e-01,3.096618850000000256e-01,1.662915099999999827e-02,7.194646439999999865e-01,4.635462770000000066e-01,8.887138329999999531e-01
2.451263810000000043e-01,1.000000000000000000e+00,6.490661249999999383e-01,3.678855570000000297e-01,7.838787520000000120e-01,7.007924509999999829e-01,3.204523360000000043e-01,5.000000000000000278e-02,7.027732000000000423e-02,1.000000000000000056e-01,9.685863100000000059e-02,9.916710129999999346e-01,8.677900960000000108e-01,3.817325619999999975e-01,4.325841000000000408e-03,1.995440700000000039e-02,6.930363999999999622e-03,6.302663299999999857e-02,1.658733739999999901e-01,7.986113129999999893e-01,7.397918549999999982e-01,9.664007230000000170e-01,5.363301820000000442e-01,6.259274479999999974e-01,7.028397100000000064e-01,3.096618850000000256e-01,1.662915099999999827e-02,7.194646439999999865e-01,4.635462770000000066e-01,8.887138329999999531e-01
2.417202319999999793e-01,1.000000000000000000e+00,6.462415739999999298e-01,3.825338249999999940e-01,7.791450440000000643e-01,7.007924509999999829e-01,3.204523360000000043e-01,5.000000000000000278e-02,7.027732000000000423e-02,1.000000000000000056e-01,9.685863100000000059e-02,9.842129149999999660e-01,8.658683850000000737e-01,3.759258480000000069e-01,4.325841000000000408e-03,1.995440700000000039e-02,6.930363999999999622e-03,6.634815199999999358e-02,1.637792130000000068e-01,7.936448870000000211e-01,7.397918549999999982e-01,9.664007230000000170e-01,5.363301820000000442e-01,6.259274479999999974e-01,7.028397100000000064e-01,3.096618850000000256e-01,1.662915099999999827e-02,7.194646439999999865e-01,4.635462770000000066e-01,8.887138329999999531e-01
2.351435879999999867e-01,1.000000000000000000e+00,6.592306079999999957e-01,3.666706390000000204e-01,7.738926940000000476e-01,7.007924509999999829e-01,3.204523360000000043e-01,5.000000000000000278e-02,7.027732000000000423e-02,1.000000000000000056e-01,9.685863100000000059e-02,9.826753249999999884e-01,8.808097400000000077e-01,3.834671880000000144e-01,4.325841000000000408e-03,1.995440700000000039e-02,6.930363999999999622e-03,6.294604800000000444e-02,1.581125800000000026e-01,7.800735490000000327e-01,7.397918549999999982e-01,9.664007230000000170e-01,5.363301820000000442e-01,6.259274479999999974e-01,7.028397100000000064e-01,3.096618850000000256e-01,1.662915099999999827e-02,7.194646439999999865e-01,4.635462770000000066e-01,8.887138329999999531e-01
2.419810669999999941e-01,1.000000000000000000e+00,6.554594400000000043e-01,3.717214240000000225e-01,7.599122130000000030e-01,7.007924509999999829e-01,3.204523360000000043e-01,5.000000000000000278e-02,7.027732000000000423e-02,1.000000000000000056e-01,9.685863100000000059e-02,9.725070569999999526e-01,8.567311350000000880e-01,3.878052949999999943e-01,4.325841000000000408e-03,1.995440700000000039e-02,6.930363999999999622e-03,6.744896999999999698e-02,1.738385359999999880e-01,7.927936140000000353e-01,7.397918549999999982e-01,9.664007230000000170e-01,5.363301820000000442e-01,6.259274479999999974e-01,7.028397100000000064e-01,3.096618850000000256e-01,1.662915099999999827e-02,7.194646439999999865e-01,4.635462770000000066e-01,8.887138329999999531e-01
2.525469710000000090e-01,1.000000000000000000e+00,6.618543829999999906e-01,3.916264220000000296e-01,7.655443330000000213e-01,7.007924509999999829e-01,3.204523360000000043e-01,5.000000000000000278e-02,7.027732000000000423e-02,1.000000000000000056e-01,9.685863100000000059e-02,9.808597099999999402e-01,8.642868840000000885e-01,3.818478050000000401e-01,4.325841000000000408e-03,1.995440700000000039e-02,6.930363999999999622e-03,6.179591000000000250e-02,1.641745920000000081e-01,7.998674239999999935e-01,7.397918549999999982e-01,9.664007230000000170e-01,5.363301820000000442e-01,6.259274479999999974e-01,7.028397100000000064e-01,3.096618850000000256e-01,1.662915099999999827e-02,7.194646439999999865e-01,4.635462770000000066e-01,8.887138329999999531e-01
2.372773179999999871e-01,1.000000000000000000e+00,6.474865300000000046e-01,3.796456550000000263e-01,7.629416370000000613e-01,7.007924509999999829e-01,3.204523360000000043e-01,5.000000000000000278e-02,7.027732000000000423e-02,1.000000000000000056e-01,9.685863100000000059e-02,9.734280909999999398e-01,8.653510349999999907e-01,3.846756650000000000e-01,4.325841000000000408e-03,1.995440700000000039e-02,6.930363999999999622e-03,7.166542700000000377e-02,1.610231490000000043e-01,7.764757079999999867e-01,7.397918549999999982e-01,9.664007230000000170e-01,5.363301820000000442e-01,6.259274479999999974e-01,7.028397100000000064e-01,3.096618850000000256e-01,1.662915099999999827e-02,7.194646439999999865e-01,4.635462770000000066e-01,8.887138329999999531e-01
2.367109000000000019e-01,1.000000000000000000e+00,6.433102109999999652e-01,3.642745119999999948e-01,7.700761150000000610e-01,7.007924509999999829e-01,3.204523360000000043e-01,5.000000000000000278e-02,7.027732000000000423e-02,1.000000000000000056e-01,9.685863100000000059e-02,9.870616259999999142e-01,8.612456630000000501e-01,3.781894800000000223e-01,4.325841000000000408e-03,1.995440700000000039e-02,6.930363999999999622e-03,6.584056200000000525e-02,1.589406889999999961e-01,7.874277769999999954e-01,7.397918549999999982e-01,9.664007230000000170e-01,5.363301820000000442e-01,6.259274479999999974e-01,7.028397100000000064e-01,3.096618850000000256e-01,1.662915099999999827e-02,7.194646439999999865e-01,4.635462770000000066e-01,8.887138329999999531e-01
2.530034070000000135e-01,1.000000000000000000e+00,6.529084069999999684e-01,3.779619619999999847e-01,7.694485920000000423e-01,7.007924509999999829e-01,3.204523360000000043e-01,5.000000000000000278e-02,7.027732000000000423e-02,1.000000000000000056e-01,9.685863100000000059e-02,9.823373179999999039e-01,8.622593950000000396e-01,3.702399379999999907e-01,4.325841000000000408e-03,1.995440700000000039e-02,6.930363999999999622e-03,5.739525499999999919e-02,1.703743789999999925e-01,8.004119229999999696e-01,7.397918549999999982e-01,9.664007230000000170e-01,5.363301820000000442e-01,6.259274479999999974e-01,7.028397100000000064e-01,3.096618850000000256e-01,1.662915099999999827e-02,7.194646439999999865e-01,4.635462770000000066e-01,8.887138329999999531e-01
2.268950569999999833e-01,1.000000000000000000e+00,6.622769699999999649e-01,3.924298390000000025e-01,7.667188020000000881e-01,7.007924509999999829e-01,3.204523360000000043e-01,5.000000000000000278e-02,7.027732000000000423e-02,1.000000000000000056e-01,9.685863100000000059e-02,9.918021379999999443e-01,8.769198580000000520e-01,3.883234210000000020e-01,4.325841000000000408e-03,1.995440700000000039e-02,6.930363999999999622e-03,7.583657600000000276e-02,1.643879540000000028e-01,7.743702719999999706e-01,7.397918549999999982e-01,9.664007230000000170e-01,5.363301820000000442e-01,6.259274479999999974e-01,7.028397100000000064e-01,3.096618850000000256e-01,1.662915099999999827e-02,7.194646439999999865e-01,4.635462770000000066e-01,8.887138329999999531e-01
2.323798849999999805e-01,1.000000000000000000e+00,6.506105319999999637e-01,3.656078670000000308e-01,7.755426740000000985e-01,7.007924509999999829e-01,3.204523360000000043e-01,5.000000000000000278e-02,7.027732000000000423e-02,1.000000000000000056e-01,9.685863100000000059e-02,9.932104569999999910e-01,8.701133090000000569e-01,3.741081520000000271e-01,4.325841000000000408e-03,1.995440700000000039e-02,6.930363999999999622e-03,5.876430500000000279e-02,1.596706489999999978e-01,7.826100520000000005e-01,7.397918549999999982e-01,9.664007230000000170e-01,5.363301820000000442e-01,6.259274479999999974e-01,7.028397100000000064e-01,3.096618850000000256e-01,1.662915099999999827e-02,7.194646439999999865e-01,4.635462770000000066e-01,8.887138329999999531e-01
2.395084299999999944e-01,9.997876610000000497e-01,6.444161739999999527e-01,3.739388270000000292e-01,7.718966600000000122e-01,7.007924509999999829e-01,3.204523360000000043e-01,5.000000000000000278e-02,7.027732000000000423e-02,1.000000000000000056e-01,9.685863100000000059e-02,9.682068119999999167e-01,8.707247450000000777e-01,3.690578050000000165e-01,4.325841000000000408e-03,1.995440700000000039e-02,6.930363999999999622e-03,6.350747900000000556e-02,1.719103750000000042e-01,7.811582339999999514e-01,7.397918549999999982e-01,9.664007230000000170e-01,5.363301820000000442e-01,6.259274479999999974e-01,7.028397100000000064e-01,3.096618850000000256e-01,1.662915099999999827e-02,7.194646439999999865e-01,4.635462770000000066e-01,8.887138329999999531e-01
2.399512819999999880e-01,1.000000000000000000e+00,6.625045819999999530e-01,3.880697330000000278e-01,7.738580830000000299e-01,7.007924509999999829e-01,3.204523360000000043e-01,5.000000000000000278e-02,7.027732000000000423e-02,1.000000000000000056e-01,9.685863100000000059e-02,9.702027709999999638e-01,8.760288740000000685e-01,3.692208880000000248e-01,4.325841000000000408e-03,1.995440700000000039e-02,6.930363999999999622e-03,5.480381200000000036e-02,1.634533290000000083e-01,7.889898429999999685e-01,7.397918549999999982e-01,9.664007230000000170e-01,5.363301820000000442e-01,6.259274479999999974e-01,7.028397100000000064e-01,3.096618850000000256e-01,1.662915099999999827e-02,7.194646439999999865e-01,4.635462770000000066e-01,8.887138329999999531e-01
2.277431369999999844e-01,1.000000000000000000e+00,6.481273220000000057e-01,3.840414100000000275e-01,7.854119400000000306e-01,7.007924509999999829e-01,3.204523360000000043e-01,5.000000000000000278e-02,7.027732000000000423e-02,1.000000000000000056e-01,9.685863100000000059e-02,9.848400349999999470e-01,8.532667700000000632e-01,3.960854460000000077e-01,4.325841000000000408e-03,1.995440700000000039e-02,6.930363999999999622e-03,5.670785500000000146e-02,1.679215069999999976e-01,7.863120869999999929e-01,7.397918549999999982e-01,9.664007230000000170e-01,5.363301820000000442e-01,6.259274479999999974e-01,7.028397100000000064e-01,3.096618850000000256e-01,1.662915099999999827e-02,7.194646439999999865e-01,4.635462770000000066e-01,8.887138329999999531e-01
2.490285660000000068e-01,1.000000000000000000e+00,6.430477419999999222e-01,3.861369410000000113e-01,7.805080390000000978e-01,7.007924509999999829e-01,3.204523360000000043e-01,5.000000000000000278e-02,7.027732000000000423e-02,1.000000000000000056e-01,9.685863100000000059e-02,9.831139489999999315e-01,8.616219880000000053e-01,3.734344770000000424e-01,4.325841000000000408e-03,1.995440700000000039e-02,6.930363999999999622e-03,7.916620700000000233e-02,1.564529500000000073e-01,8.036206929999999415e-01,7.397918549999999982e-01,9.664007230000000170e-01,5.363301820000000442e-01,6.259274479999999974e-01,7.028397100000000064e-01,3.096618850000000256e-01,1.662915099999999827e-02,7.194646439999999865e-01,4.635462770000000066e-01,8.887138329999999531e-01
2.500451209999999813e-01,1.000000000000000000e+00,6.645810289999999343e-01,3.881930419999999882e-01,7.734749190000000940e-01,7.007924509999999829e-01,3.204523360000000043e-01,5.000000000000000278e-02,7.027732000000000423e-02,1.000000000000000056e-01,9.685863100000000059e-02,9.820219749999999914e-01,8.780538180000000414e-01,3.907401360000000157e-01,4.325841000000000408e-03,1.995440700000000039e-02,6.930363999999999622e-03,6.686588400000000043e-02,1.604490490000000102e-01,7.784285450000000273e-01,7.397918549999999982e-01,9.664007230000000170e-01,5.363301820000000442e-01,6.259274479999999974e-01,7.028397100000000064e-01,3.096618850000000256e-01,1.662915099999999827e-02,7.194646439999999865e-01,4.635462770000000066e-01,8.887138329999999531e-01
2.241094009999999859e-01,1.000000000000000000e+00,6.578056099999999295e-01,3.696553599999999884e-01,7.709331170000000011e-01,7.007924509999999829e-01,3.204523360000000043e-01,5.000000000000000278e-02,7.027732000000000423e-02,1.000000000000000056e-01,9.685863100000000059e-02,9.897345279999999468e-01,8.655505450000000600e-01,3.917066740000000324e-01,4.325841000000000408e-03,1.995440700000000039e-02,6.930363999999999622e-03,7.299715099999999623e-02,1.629835109999999976e-01,7.776627309999999405e-01,7.397918549999999982e-01,9.664007230000000170e-01,5.363301820000000442e-01,6.259274479999999974e-01,7.028397100000000064e-01,3.096618850000000256e-01,1.662915099999999827e-02,7.194646439999999865e-01,4.635462770000000066e-01,8.887138329999999531e-01
2.485479569999999860e-01,1.000000000000000000e+00,6.610558609999999113e-01,3.859243580000000229e-01,7.686254730000000590e-01,7.007924509999999829e-01,3.204523360000000043e-01,5.000000000000000278e-02,7.027732000000000423e-02,1.000000000000000056e-01,9.685863100000000059e-02,9.763379229999999964e-01,8.756758420000000376e-01,3.812429780000000101e-01,4.325841000000000408e-03,1.995440700000000039e-02,6.930363999999999622e-03,8.087630700000000838e-02,1.804747560000000139e-01,7.958339789999999692e-01,7.397918549999999982e-01,9.664007230000000170e-01,5.363301820000000442e-01,6.259274479999999974e-01,7.028397100000000064e-01,3.096618850000000256e-01,1.662915099999999827e-02,7.194646439999999865e-01,4.635462770000000066e-01,8.887138329999999531e-01
2.387499220000000033e-01,9.994451049999999448e-01,6.439140070000000104e-01,3.842582179999999847e-01,7.749009010000000863e-01,7.007924509999999829e-01,3.204523360000000043e-01,5.000000000000000278e-02,7.027732000000000423e-02,1.000000000000000056e-01,9.685863100000000059e-02,9.704701470000000052e-01,8.768599970000000576e-01,3.973469900000000110e-01,4.325841000000000408e-03,1.995440700000000039e-02,6.930363999999999622e-03,8.412407499999999261e-02,1.741890650000000040e-01,7.919975609999999611e-01,7.397918549999999982e-01,9.664007230000000170e-01,5.363301820000000442e-01,6.259274479999999974e-01,7.028397100000000064e-01,3.096618850000000256e-01,1.662915099999999827e-02,7.194646439999999865e-01,4.635462770000000066e-01,8.887138329999999531e-01
2.388955809999999957e-01,1.000000000000000000e+00,6.524289609999999184e-01,3.732766720000000316e-01,7.825548810000000355e-01,7.007924509999999829e-01,3.204523360000000043e-01,5.000000000000000278e-02,7.027732000000000423e-02,1.000000000000000056e-01,9.685863100000000059e-02,9.850446959999999974e-01,8.798999889999999935e-01,3.916375049999999969e-01,4.325841000000000408e-03,1.995440700000000039e-02,6.930363999999999622e-03,5.703873799999999855e-02,1.841739699999999924e-01,7.967741360000000217e-01,7.397918549999999982e-01,9.664007230000000170e-01,5.363301820000000442e-01,6.259274479999999974e-01,7.028397100000000064e-01,3.096618850000000256e-01,1.662915099999999827e-02,7.194646439999999865e-01,4.635462770000000066e-01,8.887138329999999531e-01
2.448505649999999922e-01,1.000000000000000000e+00,6.461151749999999305e-01,3.782146670000000044e-01,7.704739860000000551e-01,7.007924509999999829e-01,3.204523360000000043e-01,5.000000000000000278e-02,7.027732000000000423e-02,1.000000000000000056e-01,9.685863100000000059e-02,9.773147849999999082e-01,8.528510230000000414e-01,3.982307059999999899e-01,4.325841000000000408e-03,1.995440700000000039e-02,6.930363999999999622e-03,6.650720999999999716e-02,1.586196669999999920e-01,7.983358969999999610e-01,7.397918549999999982e-01,9.664007230000000170e-01,5.363301820000000442e-01,6.259274479999999974e-01,7.028397100000000064e-01,3.096618850000000256e-01,1.662915099999999827e-02,7.194646439999999865e-01,4.635462770000000066e-01,8.887138329999999531e-01
2.299026409999999909e-01,1.000000000000000000e+00,6.676680969999999604e-01,3.791984700000000097e-01,7.668611640000000396e-01,7.007924509999999829e-01,3.204523360000000043e-01,5.000000000000000278e-02,7.027732000000000423e-02,1.000000000000000056e-01,9.685863100000000059e-02,9.786872989999999550e-01,8.693028260000000840e-01,3.730139789999999955e-01,4.325841000000000408e-03,1.995440700000000039e-02,6.930363999999999622e-03,5.538991800000000326e-02,1.824228330000000065e-01,7.930648489999999606e-01,7.397918549999999982e-01,9.664007230000000170e-01,5.363301820000000442e-01,6.259274479999999974e-01,7.028397100000000064e-01,3.096618850000000256e-01,1.662915099999999827e-02,7.194646439999999865e-01,4.635462770000000066e-01,8.887138329999999531e-01
2.330360840000000044e-01,1.000000000000000000e+00,6.556246969999999230e-01,3.891493169999999946e-01,7.612860160000000098e-01,7.007924509999999829e-01,3.204523360000000043e-01,5.000000000000000278e-02,7.027732000000000423e-02,1.000000000000000056e-01,9.685863100000000059e-02,9.875592809999999000e-01,8.785554450000000459e-01,3.974375629999999937e-01,4.325841000000000408e-03,1.995440700000000039e-02,6.930363999999999622e-03,6.127008000000000454e-02,1.591057909999999964e-01,7.851324250000000227e-01,7.397918549999999982e-01,9.664007230000000170e-01,5.363301820000000442e-01,6.259274479999999974e-01,7.028397100000000064e-01,3.096618850000000256e-01,1.662915099999999827e-02,7.194646439999999865e-01,4.635462770000000066e-01,8.887138329999999531e-01
2.511896849999999959e-01,1.000000000000000000e+00,6.656779329999999995e-01,3.775895850000000054e-01,7.608358520000000347e-01,7.007924509999999829e-01,3.204523360000000043e-01,5.000000000000000278e-02,7.027732000000000423e-02,1.000000000000000056e-01,9.685863100000000059e-02,9.828424269999999074e-01,8.639819780000000948e-01,3.844335630000000337e-01,4.325841000000000408e-03,1.995440700000000039e-02,6.930363999999999622e-03,7.406371200000000377e-02,1.793841569999999885e-01,7.832988549999999606e-01,7.397918549999999982e-01,9.664007230000000170e-01,5.363301820000000442e-01,6.259274479999999974e-01,7.028397100000000064e-01,3.096618850000000256e-01,1.662915099999999827e-02,7.194646439999999865e-01,4.635462770000000066e-01,8.887138329999999531e-01
2.247112269999999856e-01,9.985640110000000291e-01,6.482869629999999939e-01,3.769623799999999858e-01,7.705675140000000090e-01,7.007924509999999829e-01,3.204523360000000043e-01,5.000000000000000278e-02,7.027732000000000423e-02,1.000000000000000056e-01,9.685863100000000059e-02,9.815001159999999780e-01,8.622168010000000882e-01,3.762876030000000260e-01,4.325841000000000408e-03,1.995440700000000039e-02,6.930363999999999622e-03,6.100270099999999945e-02,1.834440390000000032e-01,7.814402440000000061e-01,7.397918549999999982e-01,9.664007230000000170e-01,5.363301820000000442e-01,6.259274479999999974e-01,7.028397100000000064e-01,3.096618850000000256e-01,1.662915099999999827e-02,7.194646439999999865e-01,4.635462770000000066e-01,8.887138329999999531e-01
2.281224099999999977e-01,1.000000000000000000e+00,6.700115110000000040e-01,3.749691649999999932e-01,7.677387930000000305e-01,7.007924509999999829e-01,3.204523360000000043e-01,5.000000000000000278e-02,7.027732000000000423e-02,1.000000000000000056e-01,9.685863100000000059e-02,9.726016909999999349e-01,8.566053220000000579e-01,3.782421610000000212e-01,4.325841000000000408e-03,1.995440700000000039e-02,6.930363999999999622e-03,5.769571700000000053e-02,1.650766389999999972e-01,7.888280810000000143e-01,7.397918549999999982e-01,9.664007230000000170e-01,5.363301820000000442e-01,6.259274479999999974e-01,7.028397100000000064e-01,3.096618850000000256e-01,1.662915099999999827e-02,7.194646439999999865e-01,4.635462770000000066e-01,8.887138329999999531e-01
2.373629270000000013e-01,1.000000000000000000e+00,6.450299689999999808e-01,3.882832930000000293e-01,7.584894090000000588e-01,7.007924509999999829e-01,3.204523360000000043e-01,5.000000000000000278e-02,7.027732000000000423e-02,1.000000000000000056e-01,9.685863100000000059e-02,9.798423839999998997e-01,8.744108340000000812e-01,3.788566630000000379e-01,4.325841000000000408e-03,1.995440700000000039e-02,6.930363999999999622e-03,8.376740400000000364e-02,1.584240769999999965e-01,7.940789480000000067e-01,7.397918549999999982e-01,9.664007230000000170e-01,5.363301820000000442e-01,6.259274479999999974e-01,7.028397100000000064e-01,3.096618850000000256e-01,1.662915099999999827e-02,7.194646439999999865e-01,4.635462770000000066e-01,8.887138329999999531e-01
2.289199719999999993e-01,1.000000000000000000e+00,6.510146019999999423e-01,3.794986880000000284e-01,7.754062420000000788e-01,7.007924509999999829e-01,3.204523360000000043e-01,5.000000000000000278e-02,7.027732000000000423e-02,1.000000000000000056e-01,9.685863100000000059e-02,9.780284529999999643e-01,8.665377670000000698e-01,3.969862440000000436e-01,4.325841000000000408e-03,1.995440700000000039e-02,6.930363999999999622e-03,8.152039299999999655e-02,1.572690389999999994e-01,7.869494710000000115e-01,7.397918549999999982e-01,9.664007230000000170e-01,5.363301820000000442e-01,6.259274479999999974e-01,7.028397100000000064e-01,3.096618850000000256e-01,1.662915099999999827e-02,7.194646439999999865e-01,4.635462770000000066e-01,8.887138329999999531e-01
2.367662190000000000e-01,1.000000000000000000e+00,6.642650509999999953e-01,3.896748680000000076e-01,7.752866590000000446e-01,7.007924509999999829e-01,3.204523360000000043e-01,5.000000000000000278e-02,7.027732000000000423e-02,1.000000000000000056e-01,9.685863100000000059e-02,9.771642439999999041e-01,8.730689530000000920e-01,3.893858500000000333e-01,4.325841000000000408e-03,1.995440700000000039e-02,6.930363999999999622e-03,7.936602100000000881e-02,1.755090970000000028e-01,7.954203020000000235e-01,7.397918549999999982e-01,9.664007230000000170e-01,5.363301820000000442e-01,6.259274479999999974e-01,7.028397100000000064e-01,3.096618850000000256e-01,1.662915099999999827e-02,7.194646439999999865e-01,4.635462770000000066e-01,8.887138329999999531e-01
2.364176909999999854e-01,1.000000000000000000e+00,6.563059329999999525e-01,3.866074340000000276e-01,7.811600350000000859e-01,7.007924509999999829e-01,3.204523360000000043e-01,5.000000000000000278e-02,7.027732000000000423e-02,1.000000000000000056e-01,9.685863100000000059e-02,9.916048959999999024e-01,8.651442940000000359e-01,3.691777800000000109e-01,4.325841000000000408e-03,1.995440700000000039e-02,6.930363999999999622e-03,6.367536799999999608e-02,1.663905420000000024e-01,8.033584259999999588e-01,7.397918549999999982e-01,9.664007230000000170e-01,5.363301820000000442e-01,6.259274479999999974e-01,7.028397100000000064e-01,3.096618850000000256e-01,1.662915099999999827e-02,7.194646439999999865e-01,4.635462770000000066e-01,8.887138329999999531e-01
2.360366249999999999e-01,1.000000000000000000e+00,6.593988289999999086e-01,3.722762460000000329e-01,7.793726620000001049e-01,7.007924509999999829e-01,3.204523360000000043e-01,5.000000000000000278e-02,7.027732000000000423e-02,1.000000000000000056e-01,9.685863100000000059e-02,9.910722269999999723e-01,8.723631740000000745e-01,3.811180610000000080e-01,4.325841000000000408e-03,1.995440700000000039e-02,6.930363999999999622e-03,7.692483299999999802e-02,1.615792909999999860e-01,7.981255899999999404e-01,7.397918549999999982e-01,9.664007230000000170e-01,5.363301820000000442e-01,6.259274479999999974e-01,7.028397100000000064e-01,3.096618850000000256e-01,1.662915099999999827e-02,7.194646439999999865e-01,4.635462770000000066e-01,8.887138329999999531e-01
2.430651050000000035e-01,1.000000000000000000e+00,6.724073600000000095e-01,3.688485860000000338e-01,7.768372560000000870e-01,7.007924509999999829e-01,3.204523360000000043e-01,5.000000000000000278e-02,7.027732000000000423e-02,1.000000000000000056e-01,9.685863100000000059e-02,9.947683049999999083e-01,8.627823420000000354e-01,3.840076980000000084e-01,4.325841000000000408e-03,1.995440700000000039e-02,6.930363999999999622e-03,7.845474099999999451e-02,1.757797239999999983e-01,7.910250439999999550e-01,7.397918549999999982e-01,9.664007230000000170e-01,5.363301820000000442e-01,6.259274479999999974e-01,7.028397100000000064e-01,3.096618850000000256e-01,1.662915099999999827e-02,7.194646439999999865e-01,4.635462770000000066e-01,8.887138329999999531e-01
2.260656829999999895e-01,1.000000000000000000e+00,6.620566259999999259e-01,3.863499619999999912e-01,7.639239060000000414e-01,7.007924509999999829e-01,3.204523360000000043e-01,5.000000000000000278e-02,7.027732000000000423e-02,1.000000000000000056e-01,9.685863100000000059e-02,9.677957629999999201e-01,8.822532160000000623e-01,3.743660060000000289e-01,4.325841000000000408e-03,1.995440700000000039e-02,6.930363999999999622e-03,5.574507700000000399e-02,1.700522710000000048e-01,7.996051589999999543e-01,7.397918549999999982e-01,9.664007230000000170e-01,5.363301820000000442e-01,6.259274479999999974e-01,7.028397100000000064e-01,3.096618850000000256e-01,1.662915099999999827e-02,7.194646439999999865e-01,4.635462770000000066e-01,8.887138329999999531e-01
2.522267639999999922e-01,1.000000000000000000e+00,6.552941539999999065e-01,3.653039479999999894e-01,7.787304420000000782e-01,7.007924509999999829e-01,3.204523360000000043e-01,5.000000000000000278e-02,7.027732000000000423e-02,1.000000000000000056e-01,9.685863100000000059e-02,9.841849579999999431e-01,8.635551820000000323e-01,3.851077220000000412e-01,4.325841000000000408e-03,1.995440700000000039e-02,6.930363999999999622e-03,7.735330399999999773e-02,1.688326719999999892e-01,8.014375759999999849e-01,7.397918549999999982e-01,9.664007230000000170e-01,5.363301820000000442e-01,6.259274479999999974e-01,7.028397100000000064e-01,3.096618850000000256e-01,1.662915099999999827e-02,7.194646439999999865e-01,4.635462770000000066e-01,8.887138329999999531e-01
2.231838649999999813e-01,1.000000000000000000e+00,6.602571669999999227e-01,3.689232450000000108e-01,7.843394230000000356e-01,7.007924509999999829e-01,3.204523360000000043e-01,5.000000000000000278e-02,7.027732000000000423e-02,1.000000000000000056e-01,9.685863100000000059e-02,9.853366529999999512e-01,8.792199540000000813e-01,3.950542419999999999e-01,4.325841000000000408e-03,1.995440700000000039e-02,6.930363999999999622e-03,6.839404100000000264e-02,1.804149529999999890e-01,8.008607549999999797e-01,7.397918549999999982e-01,9.664007230000000170e-01,5.363301820000000442e-01,6.259274479999999974e-01,7.028397100000000064e-01,3.096618850000000256e-01,1.662915099999999827e-02,7.194646439999999865e-01,4.635462770000000066e-01,8.887138329999999531e-01
2.320767229999999848e-01,1.000000000000000000e+00,6.509193469999999815e-01,3.898277059999999961e-01,7.638803700000000863e-01,7.007924509999999829e-01,3.204523360000000043e-01,5.000000000000000278e-02,7.027732000000000423e-02,1.000000000000000056e-01,9.685863100000000059e-02,9.890065689999999465e-01,8.580607500000000387e-01,3.853854320000000278e-01,4.325841000000000408e-03,1.995440700000000039e-02,6.930363999999999622e-03,7.795552199999999932e-02,1.831162729999999961e-01,7.902897110000000058e-01,7.397918549999999982e-01,9.664007230000000170e-01,5.363301820000000442e-01,6.259274479999999974e-01,7.028397100000000064e-01,3.096618850000000256e-01,1.662915099999999827e-02,7.194646439999999865e-01,4.635462770000000066e-01,8.887138329999999531e-01
2.512996949999999896e-01,9.980914319999999451e-01,6.455888770000000054e-01,3.848515470000000160e-01,7.707651699999999995e-01,7.007924509999999829e-01,3.204523360000000043e-01,5.000000000000000278e-02,7.027732000000000423e-02,1.000000000000000056e-01,9.685863100000000059e-02,9.676093099999999447e-01,8.577451329999999929e-01,3.833045370000000007e-01,4.325841000000000408e-03,1.995440700000000039e-02,6.930363999999999622e-03,5.779798299999999722e-02,1.578522019999999970e-01,7.748608900000000244e-01,7.397918549999999982e-01,9.664007230000000170e-01,5.363301820000000442e-01,6.259274479999999974e-01,7.028397100000000064e-01,3.096618850000000256e-01,1.662915099999999827e-02,7.194646439999999865e-01,4.635462770000000066e-01,8.887138329999999531e-01
2.270671239999999813e-01,1.000000000000000000e+00,6.660215589999999297e-01,3.712488409999999961e-01,7.690559380000000500e-01,7.007924509999999829e-01,3.204523360000000043e-01,5.000000000000000278e-02,7.027732000000000423e-02,1.000000000000000056e-01,9.685863100000000059e-02,9.764560279999999759e-01,8.625279650000000631e-01,3.878839360000000402e-01,4.325841000000000408e-03,1.995440700000000039e-02,6.930363999999999622e-03,7.813937099999999913e-02,1.776668849999999966e-01,7.901617859999999771e-01,7.397918549999999982e-01,9.664007230000000170e-01,5.363301820000000442e-01,6.259274479999999974e-01,7.028397100000000064e-01,3.096618850000000256e-01,1.662915099999999827e-02,7.194646439999999865e-01,4.635462770000000066e-01,8.887138329999999531e-01
2.407109959999999826e-01,1.000000000000000000e+00,6.673076940000000068e-01,3.816267999999999883e-01,7.861549740000000064e-01,7.007924509999999829e-01,3.204523360000000043e-01,5.000000000000000278e-02,7.027732000000000423e-02,1.000000000000000056e-01,9.685863100000000059e-02,9.761920889999999851e-01,8.549471210000000321e-01,3.779236850000000092e-01,4.325841000000000408e-03,1.995440700000000039e-02,6.930363999999999622e-03,7.708044799999999586e-02,1.565880749999999932e-01,7.934455799999999837e-01,7.397918549999999982e-01,9.664007230000000170e-01,5.363301820000000442e-01,6.259274479999999974e-01,7.028397100000000064e-01,3.096618850000000256e-01,1.662915099999999827e-02,7.194646439999999865e-01,4.635462770000000066e-01,8.887138329999999531e-01
2.505388210000000226e-01,1.000000000000000000e+00,6.523277289999999118e-01,3.756922679999999959e-01,7.675921350000000087e-01,7.007924509999999829e-01,3.204523360000000043e-01,5.000000000000000278e-02,7.027732000000000423e-02,1.000000000000000056e-01,9.685863100000000059e-02,9.886170659999999888e-01,8.800419210000000048e-01,3.896568370000000336e-01,4.325841000000000408e-03,1.995440700000000039e-02,6.930363999999999622e-03,6.333505400000000174e-02,1.744086750000000130e-01,7.969643129999999243e-01,7.397918549999999982e-01,9.664007230000000170e-01,5.363301820000000442e-01,6.259274479999999974e-01,7.028397100000000064e-01,3.096618850000000256e-01,1.662915099999999827e-02,7.194646439999999865e-01,4.635462770000000066e-01,8.887138329999999531e-01
2.327354199999999984e-01,1.000000000000000000e+00,6.603787909999999650e-01,3.815759380000000034e-01,7.846714680000000941e-01,7.007924509999999829e-01,3.204523360000000043e-01,5.000000000000000278e-02,7.027732000000000423e-02,1.000000000000000056e-01,9.685863100000000059e-02,9.801356319999999789e-01,8.817673120000000253e-01,3.972006210000000315e-01,4.325841000000000408e-03,1.995440700000000039e-02,6.930363999999999622e-03,6.033908500000000064e-02,1.798705640000000106e-01,7.995423830000000232e-01,7.397918549999999982e-01,9.664007230000000170e-01,5.363301820000000442e-01,6.259274479999999974e-01,7.028397100000000064e-01,3.096618850000000256e-01,1.662915099999999827e-02,7.194646439999999865e-01,4.635462770000000066e-01,8.887138329999999531e-01
2.403097220000000034e-01,1.000000000000000000e+00,6.632609159999999227e-01,3.871986070000000280e-01,7.610948550000000701e-01,7.007924509999999829e-01,3.204523360000000043e-01,5.000000000000000278e-02,7.027732000000000423e-02,1.000000000000000056e-01,9.685863100000000059e-02,9.850513199999999525e-01,8.816624480000000430e-01,3.906197420000000475e-01,4.325841000000000408e-03,1.995440700000000039e-02,6.930363999999999622e-03,7.533136299999999841e-02,1.792925380000000013e-01,7.783125619999999856e-01,7.397918549999999982e-01,9.664007230000000170e-01,5.363301820000000442e-01,6.259274479999999974e-01,7.028397100000000064e-01,3.096618850000000256e-01,1.662915099999999827e-02,7.194646439999999865e-01,4.635462770000000066e-01,8.887138329999999531e-01
2.284834709999999935e-01,1.000000000000000000e+00,6.613254920000000148e-01,3.831958910000000107e-01,7.760423370000000265e-01,7.007924509999999829e-01,3.204523360000000043e-01,5.000000000000000278e-02,7.027732000000000423e-02,1.000000000000000056e-01,9.685863100000000059e-02,9.825331509999999380e-01,8.763838369999999989e-01,3.885739599999999960e-01,4.325841000000000408e-03,1.995440700000000039e-02,6.930363999999999622e-03,6.190009600000000167e-02,1.617955010000000082e-01,8.029888680000000223e-01,7.397918549999999982e-01,9.664007230000000170e-01,5.363301820000000442e-01,6.259274479999999974e-01,7.028397100000000064e-01,3.096618850000000256e-01,1.662915099999999827e-02,7.194646439999999865e-01,4.635462770000000066e-01,8.887138329999999531e-01
2.262591909999999984e-01,1.000000000000000000e+00,6.541015959999999518e-01,3.856297750000000080e-01,7.826660560000000544e-01,7.007924509999999829e-01,3.204523360000000043e-01,5.000000000000000278e-02,7.027732000000000423e-02,1.000000000000000056e-01,9.685863100000000059e-02,9.692023439999999379e-01,8.560487870000000887e-01,3.810904649999999894e-01,4.325841000000000408e-03,1.995440700000000039e-02,6.930363999999999622e-03,5.719224700000000161e-02,1.568793239999999867e-01,7.952509309999999942e-01,7.397918549999999982e-01,9.664007230000000170e-01,5.363301820000000442e-01,6.259274479999999974e-01,7.028397100000000064e-01,3.096618850000000256e-01,1.662915099999999827e-02,7.194646439999999865e-01,4.635462770000000066e-01,8.887138329999999531e-01
2.410414710000000071e-01,1.000000000000000000e+00,6.493778089999999725e-01,3.645645470000000166e-01,7.799261340000001042e-01,7.007924509999999829e-01,3.204523360000000043e-01,5.000000000000000278e-02,7.027732000000000423e-02,1.000000000000000056e-01,9.685863100000000059e-02,9.701061339999998978e-01,8.662328120000000187e-01,3.731002460000000243e-01,4.325841000000000408e-03,1.995440700000000039e-02,6.930363999999999622e-03,6.477987100000000276e-02,1.598157669999999975e-01,7.876092299999999380e-01,7.397918549999999982e-01,9.664007230000000170e-01,5.363301820000000442e-01,6.259274479999999974e-01,7.028397100000000064e-01,3.096618850000000256e-01,1.662915099999999827e-02,7.194646439999999865e-01,4.635462770000000066e-01,8.887138329999999531e-01
2.366180390000000022e-01,1.000000000000000000e+00,6.705099679999999562e-01,3.708937589999999895e-01,7.684209770000000050e-01,7.007924509999999829e-01,3.204523360000000043e-01,5.000000000000000278e-02,7.027732000000000423e-02,1.000000000000000056e-01,9.685863100000000059e-02,9.684534069999999328e-01,8.684845900000000007e-01,3.881626700000000429e-01,4.325841000000000408e-03,1.995440700000000039e-02,6.930363999999999622e-03,6.241133899999999624e-02,1.800407850000000087e-01,8.031284639999999309e-01,7.397918549999999982e-01,9.664007230000000170e-01,5.363301820000000442e-01,6.259274479999999974e-01,7.028397100000000064e-01,3.096618850000000256e-01,1.662915099999999827e-02,7.194646439999999865e-01,4.635462770000000066e-01,8.887138329999999531e-01
2.467779039999999924e-01,1.000000000000000000e+00,6.707180989999999010e-01,3.784172459999999849e-01,7.661869300000000438e-01,7.007924509999999829e-01,3.204523360000000043e-01,5.000000000000000278e-02,7.027732000000000423e-02,1.000000000000000056e-01,9.685863100000000059e-02,9.795436269999999723e-01,8.735211940000000563e-01,3.870413839999999883e-01,4.325841000000000408e-03,1.995440700000000039e-02,6.930363999999999622e-03,6.940482300000000437e-02,1.745094449999999853e-01,7.861574780000000207e-01,7.397918549999999982e-01,9.664007230000000170e-01,5.363301820000000442e-01,6.259274479999999974e-01,7.028397100000000064e-01,3.096618850000000256e-01,1.662915099999999827e-02,7.194646439999999865e-01,4.635462770000000066e-01,8.887138329999999531e-01
2.396498179999999867e-01,1.000000000000000000e+00,6.474635029999999958e-01,3.640351310000000118e-01,7.577789010000000047e-01,7.007924509999999829e-01,3.204523360000000043e-01,5.000000000000000278e-02,7.027732000000000423e-02,1.000000000000000056e-01,9.685863100000000059e-02,9.755259929999999802e-01,8.724770510000000590e-01,3.860067950000000137e-01,4.325841000000000408e-03,1.995440700000000039e-02,6.930363999999999622e-03,7.413257000000000874e-02,1.614174479999999912e-01,7.886081029999999492e-01,7.397918549999999982e-01,9.664007230000000170e-01,5.363301820000000442e-01,6.259274479999999974e-01,7.028397100000000064e-01,3.096618850000000256e-01,1.662915099999999827e-02,7.194646439999999865e-01,4.635462770000000066e-01,8.887138329999999531e-01
2.527229730000000174e-01,1.000000000000000000e+00,6.623650269999999951e-01,3.737289599999999989e-01,7.657789240000000275e-01,7.007924509999999829e-01,3.204523360000000043e-01,5.000000000000000278e-02,7.027732000000000423e-02,1.000000000000000056e-01,9.685863100000000059e-02,9.771261259999999282e-01,8.644954930000000592e-01,3.750381670000000334e-01,4.325841000000000408e-03,1.995440700000000039e-02,6.930363999999999622e-03,5.829856099999999874e-02,1.605715879999999873e-01,8.006910969999999628e-01,7.397918549999999982e-01,9.664007230000000170e-01,5.363301820000000442e-01,6.259274479999999974e-01,7.028397100000000064e-01,3.096618850000000256e-01,1.662915099999999827e-02,7.194646439999999865e-01,4.635462770000000066e-01,8.887138329999999531e-01
2.265872270000000022e-01,9.983120869999999591e-01,6.512285799999999458e-01,3.901418549999999819e-01,7.781961580000000822e-01,7.007924509999999829e-01,3.204523360000000043e-01,5.000000000000000278e-02,7.027732000000000423e-02,1.000000000000000056e-01,9.685863100000000059e-02,9.831814939999999892e-01,8.675358690000000150e-01,3.844812640000000448e-01,4.325841000000000408e-03,1.995440700000000039e-02,6.930363999999999622e-03,7.490930700000000830e-02,1.729068440000000040e-01,7.749640089999999537e-01,7.397918549999999982e-01,9.664007230000000170e-01,5.363301820000000442e-01,6.259274479999999974e-01,7.028397100000000064e-01,3.096618850000000256e-01,1.662915099999999827e-02,7.194646439999999865e-01,4.635462770000000066e-01,8.887138329999999531e-01
2.427505699999999988e-01,1.000000000000000000e+00,6.653860099999999722e-01,3.798210530000000196e-01,7.829588060000000072e-01,7.007924509999999829e-01,3.204523360000000043e-01,5.000000000000000278e-02,7.027732000000000423e-02,1.000000000000000056e-01,9.685863100000000059e-02,9.942190329999999188e-01,8.691264290000000337e-01,3.823771009999999970e-01,4.325841000000000408e-03,1.995440700000000039e-02,6.930363999999999622e-03,6.494144200000000200e-02,1.822301480000000085e-01,7.867659919999999696e-01,7.397918549999999982e-01,9.664007230000000170e-01,5.363301820000000442e-01,6.259274479999999974e-01,7.028397100000000064e-01,3.096618850000000256e-01,1.662915099999999827e-02,7.194646439999999865e-01,4.635462770000000066e-01,8.887138329999999531e-01
2.347791229999999785e-01,1.000000000000000000e+00,6.621859479999999687e-01,3.705777660000000306e-01,7.612205820000000900e-01,7.007924509999999829e-01,3.204523360000000043e-01,5.000000000000000278e-02,7.027732000000000423e-02,1.000000000000000056e-01,9.685863100000000059e-02,9.837441639999999765e-01,8.552866740000000245e-01,3.867099509999999962e-01,4.325841000000000408e-03,1.995440700000000039e-02,6.930363999999999622e-03,7.880957199999999441e-02,1.662554629999999922e-01,7.858009169999999877e-01,7.397918549999999982e-01,9.664007230000000170e-01,5.363301820000000442e-01,6.259274479999999974e-01,7.028397100000000064e-01,3.096618850000000256e-01,1.662915099999999827e-02,7.194646439999999865e-01,4.635462770000000066e-01,8.887138329999999531e-01
2.529424109999999781e-01,1.000000000000000000e+00,6.483499179999999695e-01,3.777345080000000244e-01,7.748240720000000303e-01,7.007924509999999829e-01,3.204523360000000043e-01,5.000000000000000278e-02,7.027732000000000423e-02,1.000000000000000056e-01,9.685863100000000059e-02,9.784241149999999276e-01,8.590552760000000898e-01,3.958114020000000344e-01,4.325841000000000408e-03,1.995440700000000039e-02,6.930363999999999622e-03,6.256915999999999867e-02,1.594218900000000105e-01,7.853462850000000328e-01,7.397918549999999982e-01,9.664007230000000170e-01,5.363301820000000442e-01,6.259274479999999974e-01,7.028397100000000064e-01,3.096618850000000256e-01,1.662915099999999827e-02,7.194646439999999865e-01,4.635462770000000066e-01,8.887138329999999531e-01
2.497040819999999939e-01,1.000000000000000000e+00,6.600142659999999051e-01,3.677128740000000229e-01,7.837146210000000002e-01,7.007924509999999829e-01,3.204523360000000043e-01,5.000000000000000278e-02,7.027732000000000423e-02,1.000000000000000056e-01,9.685863100000000059e-02,9.761140629999999208e-01,8.742654550000000802e-01,3.932673600000000103e-01,4.325841000000000408e-03,1.995440700000000039e-02,6.930363999999999622e-03,7.459117099999999778e-02,1.739164709999999892e-01,7.894438449999999774e-01,7.397918549999999982e-01,9.664007230000000170e-01,5.363301820000000442e-01,6.259274479999999974e-01,7.028397100000000064e-01,3.096618850000000256e-01,1.662915099999999827e-02,7.194646439999999865e-01,4.635462770000000066e-01,8.887138329999999531e-01
2.476136959999999942e-01,1.000000000000000000e+00,6.456813080000000094e-01,3.711598750000000280e-01,7.688224760000000879e-01,7.007924509999999829e-01,3.204523360000000043e-01,5.000000000000000278e-02,7.027732000000000423e-02,1.000000000000000056e-01,9.685863100000000059e-02,9.800445620000000080e-01,8.670240520000001005e-01,3.875344250000000157e-01,4.325841000000000408e-03,1.995440700000000039e-02,6.930363999999999622e-03,8.296824599999999550e-02,1.827358129999999969e-01,8.021002429999999350e-01,7.397918549999999982e-01,9.664007230000000170e-01,5.363301820000000442e-01,6.259274479999999974e-01,7.028397100000000064e-01,3.096618850000000256e-01,1.662915099999999827e-02,7.194646439999999865e-01,4.635462770000000066e-01,8.887138329999999531e-01
2.465350689999999956e-01,1.000000000000000000e+00,6.497688179999999702e-01,3.789650390000000035e-01,7.791901370000000604e-01,7.007924509999999829e-01,3.204523360000000043e-01,5.000000000000000278e-02,7.027732000000000423e-02,1.000000000000000056e-01,9.685863100000000059e-02,9.845498579999999444e-01,8.686048270000000793e-01,3.767392130000000172e-01,4.325841000000000408e-03,1.995440700000000039e-02,6.930363999999999622e-03,8.399859200000001080e-02,1.812882479999999852e-01,7.761240710000000265e-01,7.397918549999999982e-01,9.664007230000000170e-01,5.363301820000000442e-01,6.259274479999999974e-01,7.028397100000000064e-01,3.096618850000000256e-01,1.662915099999999827e-02,7.194646439999999865e-01,4.635462770000000066e-01,8.887138329999999531e-01
2.514737719999999843e-01,1.000000000000000000e+00,6.627054769999999317e-01,3.697697690000000259e-01,7.604146720000000137e-01,7.007924509999999829e-01,3.204523360000000043e-01,5.000000000000000278e-02,7.027732000000000423e-02,1.000000000000000056e-01,9.685863100000000059e-02,9.753761399999999471e-01,8.544907150000000673e-01,3.695920980000000355e-01,4.325841000000000408e-03,1.995440700000000039e-02,6.930363999999999622e-03,7.328401800000000632e-02,1.788721510000000070e-01,7.911657930000000061e-01,7.397918549999999982e-01,9.664007230000000170e-01,5.363301820000000442e-01,6.259274479999999974e-01,7.028397100000000064e-01,3.096618850000000256e-01,1.662915099999999827e-02,7.194646439999999865e-01,4.635462770000000066e-01,8.887138329999999531e-01
2.256221900000000002e-01,1.000000000000000000e+00,6.714000299999999255e-01,3.757443719999999932e-01,7.871175360000000065e-01,7.007924509999999829e-01,3.204523360000000043e-01,5.000000000000000278e-02,7.027732000000000423e-02,1.000000000000000056e-01,9.685863100000000059e-02,9.869026099999999024e-01,8.579363110000000070e-01,3.764004330000000342e-01,4.325841000000000408e-03,1.995440700000000039e-02,6.930363999999999622e-03,5.851458100000000301e-02,1.826074619999999982e-01,7.826864580000000293e-01,7.397918549999999982e-01,9.664007230000000170e-01,5.363301820000000442e-01,6.259274479999999974e-01,7.028397100000000064e-01,3.096618850000000256e-01,1.662915099999999827e-02,7.194646439999999865e-01,4.635462770000000066e-01,8.887138329999999531e-01
2.269632149999999959e-01,1.000000000000000000e+00,6.682397700000000107e-01,3.665582780000000152e-01,7.672657170000000137e-01,7.007924509999999829e-01,3.204523360000000043e-01,5.000000000000000278e-02,7.027732000000000423e-02,1.000000000000000056e-01,9.685863100000000059e-02,9.914885599999999632e-01,8.666331590000000418e-01,3.790485440000000428e-01,4.325841000000000408e-03,1.995440700000000039e-02,6.930363999999999622e-03,6.446160000000000778e-02,1.841445680000000085e-01,7.975860529999999615e-01,7.397918549999999982e-01,9.664007230000000170e-01,5.363301820000000442e-01,6.259274479999999974e-01,7.028397100000000064e-01,3.096618850000000256e-01,1.662915099999999827e-02,7.194646439999999865e-01,4.635462770000000066e-01,8.887138329999999531e-01
2.356382609999999878e-01,1.000000000000000000e+00,6.530227049999999256e-01,3.884875280000000264e-01,7.798028380000000537e-01,7.007924509999999829e-01,3.204523360000000043e-01,5.000000000000000278e-02,7.027732000000000423e-02,1.000000000000000056e-01,9.685863100000000059e-02,9.909001549999999492e-01,8.538280580000000564e-01,3.944857170000000135e-01,4.325841000000000408e-03,1.995440700000000039e-02,6.930363999999999622e-03,7.902107199999999776e-02,1.775014550000000024e-01,7.818582039999999456e-01,7.397918549999999982e-01,9.664007230000000170e-01,5.363301820000000442e-01,6.259274479999999974e-01,7.028397100000000064e-01,3.096618850000000256e-01,1.662915099999999827e-02,7.194646439999999865e-01,4.635462770000000066e-01,8.887138329999999531e-01
2.405811639999999862e-01,9.979835510000000243e-01,6.538770799999999994e-01,3.800151580000000195e-01,7.619918060000000493e-01,7.007924509999999829e-01,3.204523360000000043e-01,5.000000000000000278e-02,7.027732000000000423e-02,1.000000000000000056e-01,9.685863100000000059e-02,9.749664979999999037e-01,8.588515750000000892e-01,3.797173249999999944e-01,4.325841000000000408e-03,1.995440700000000039e-02,6.930363999999999622e-03,5.817060300000000128e-02,1.781046299999999860e-01,7.965868200000000288e-01,7.397918549999999982e-01,9.664007230000000170e-01,5.363301820000000442e-01,6.259274479999999974e-01,7.028397100000000064e-01,3.096618850000000256e-01,1.662915099999999827e-02,7.194646439999999865e-01,4.635462770000000066e-01,8.887138329999999531e-01
2.517510629999999971e-01,1.000000000000000000e+00,6.688826599999999623e-01,3.725504430000000089e-01,7.814056490000000910e-01,7.007924509999999829e-01,3.204523360000000043e-01,5.000000000000000278e-02,7.027732000000000423e-02,1.000000000000000056e-01,9.685863100000000059e-02,9.757341250000000077e-01,8.792732850000000155e-01,3.864362299999999917e-01,4.325841000000000408e-03,1.995440700000000039e-02,6.930363999999999622e-03,5.433812799999999943e-02,1.639303300000000130e-01,7.945478000000000263e-01,7.397918549999999982e-01,9.664007230000000170e-01,5.363301820000000442e-01,6.259274479999999974e-01,7.028397100000000064e-01,3.096618850000000256e-01,1.662915099999999827e-02,7.194646439999999865e-01,4.635462770000000066e-01,8.887138329999999531e-01
2.376271299999999920e-01,1.000000000000000000e+00,6.520029139999999890e-01,3.873825770000000057e-01,7.581727220000000766e-01,7.007924509999999829e-01,3.204523360000000043e-01,5.000000000000000278e-02,7.027732000000000423e-02,1.000000000000000056e-01,9.685863100000000059e-02,9.836059979999999259e-01,8.760047480000000553e-01,3.756930549999999980e-01,4.325841000000000408e-03,1.995440700000000039e-02,6.930363999999999622e-03,8.036534900000000259e-02,1.609025520000000042e-01,7.802758810000000045e-01,7.397918549999999982e-01,9.664007230000000170e-01,5.363301820000000442e-01,6.259274479999999974e-01,7.028397100000000064e-01,3.096618850000000256e-01,1.662915099999999827e-02,7.194646439999999865e-01,4.635462770000000066e-01,8.887138329999999531e-01
2.395748040000000023e-01,1.000000000000000000e+00,6.695284919999999751e-01,3.625827389999999872e-01,7.576551599999999942e-01,7.007924509999999829e-01,3.204523360000000043e-01,5.000000000000000278e-02,7.027732000000000423e-02,1.000000000000000056e-01,9.685863100000000059e-02,9.700333819999999996e-01,8.533604620000000418e-01,3.775365390000000043e-01,4.325841000000000408e-03,1.995440700000000039e-02,6.930363999999999622e-03,5.809083000000000302e-02,1.801730049999999972e-01,7.904035529999999810e-01,7.397918549999999982e-01,9.664007230000000170e-01,5.363301820000000442e-01,6.259274479999999974e-01,7.028397100000000064e-01,3.096618850000000256e-01,1.662915099999999827e-02,7.194646439999999865e-01,4.635462770000000066e-01,8.887138329999999531e-01
2.292342519999999995e-01,1.000000000000000000e+00,6.701639729999999684e-01,3.841764510000000299e-01,7.757908380000000381e-01,7.007924509999999829e-01,3.204523360000000043e-01,5.000000000000000278e-02,7.027732000000000423e-02,1.000000000000000056e-01,9.685863100000000059e-02,9.686930689999999622e-01,8.647949600000000014e-01,3.805555000000000465e-01,4.325841000000000408e-03,1.995440700000000039e-02,6.930363999999999622e-03,7.154511399999999299e-02,1.850659189999999954e-01,7.879156139999999864e-01,7.397918549999999982e-01,9.664007230000000170e-01,5.363301820000000442e-01,6.259274479999999974e-01,7.028397100000000064e-01,3.096618850000000256e-01,1.662915099999999827e-02,7.194646439999999865e-01,4.635462770000000066e-01,8.887138329999999531e-01
2.342122569999999793e-01,1.000000000000000000e+00,6.596680039999999190e-01,3.680189670000000302e-01,7.809215449999999947e-01,7.007924509999999829e-01,3.204523360000000043e-01,5.000000000000000278e-02,7.027732000000000423e-02,1.000000000000000056e-01,9.685863100000000059e-02,9.791414399999999185e-01,8.803735810000000717e-01,3.744598660000000301e-01,4.325841000000000408e-03,1.995440700000000039e-02,6.930363999999999622e-03,6.404143800000000608e-02,1.845968139999999980e-01,7.966027230000000126e-01,7.397918549999999982e-01,9.664007230000000170e-01,5.363301820000000442e-01,6.259274479999999974e-01,7.028397100000000064e-01,3.096618850000000256e-01,1.662915099999999827e-02,7.194646439999999865e-01,4.635462770000000066e-01,8.887138329999999531e-01
2.238460190000000072e-01,1.000000000000000000e+00,6.667706419999999135e-01,3.693392990000000098e-01,7.794100409999999979e-01,7.007924509999999829e-01,3.204523360000000043e-01,5.000000000000000278e-02,7.027732000000000423e-02,1.000000000000000056e-01,9.685863100000000059e-02,9.931966289999999420e-01,8.595243989999999945e-01,3.780151810000000334e-01,4.325841000000000408e-03,1.995440700000000039e-02,6.930363999999999622e-03,6.827513899999999858e-02,1.569653850000000128e-01,7.823126269999999272e-01,7.397918549999999982e-01,9.664007230000000170e-01,5.363301820000000442e-01,6.259274479999999974e-01,7.028397100000000064e-01,3.096618850000000256e-01,1.662915099999999827e-02,7.194646439999999865e-01,4.635462770000000066e-01,8.887138329999999531e-01
2.335930920000000022e-01,1.000000000000000000e+00,6.708596329999999552e-01,3.626595719999999856e-01,7.650330230000000897e-01,7.007924509999999829e-01,3.204523360000000043e-01,5.000000000000000278e-02,7.027732000000000423e-02,1.000000000000000056e-01,9.685863100000000059e-02,9.776716279999999593e-01,8.719079900000000771e-01,3.709202820000000456e-01,4.325841000000000408e-03,1.995440700000000039e-02,6.930363999999999622e-03,8.101941299999999846e-02,1.582243020000000111e-01,8.009298839999999808e-01,7.397918549999999982e-01,9.664007230000000170e-01,5.363301820000000442e-01,6.259274479999999974e-01,7.028397100000000064e-01,3.096618850000000256e-01,1.662915099999999827e-02,7.194646439999999865e-01,4.635462770000000066e-01,8.887138329999999531e-01
2.254289139999999803e-01,1.000000000000000000e+00,6.565329619999999977e-01,3.759694090000000322e-01,7.645232780000000838e-01,7.007924509999999829e-01,3.204523360000000043e-01,5.000000000000000278e-02,7.027732000000000423e-02,1.000000000000000056e-01,9.685863100000000059e-02,9.929441439999999730e-01,8.676577550000000860e-01,3.893348990000000120e-01,4.325841000000000408e-03,1.995440700000000039e-02,6.930363999999999622e-03,8.169201300000000776e-02,1.714461820000000025e-01,7.898094039999999927e-01,7.397918549999999982e-01,9.664007230000000170e-01,5.363301820000000442e-01,6.259274479999999974e-01,7.028397100000000064e-01,3.096618850000000256e-01,1.662915099999999827e-02,7.194646439999999865e-01,4.635462770000000066e-01,8.887138329999999531e-01
2.312413889999999916e-01,9.989217590000000202e-01,6.637868559999999807e-01,3.899996700000000205e-01,7.724937380000000964e-01,7.007924509999999829e-01,3.204523360000000043e-01,5.000000000000000278e-02,7.027732000000000423e-02,1.000000000000000056e-01,9.685863100000000059e-02,9.843796129999999867e-01,8.738426530000000803e-01,3.869532860000000074e-01,4.325841000000000408e-03,1.995440700000000039e-02,6.930363999999999622e-03,7.571487999999999829e-02,1.660237539999999956e-01,8.001644259999999287e-01,7.397918549999999982e-01,9.664007230000000170e-01,5.363301820000000442e-01,6.259274479999999974e-01,7.028397100000000064e-01,3.096618850000000256e-01,1.662915099999999827e-02,7.194646439999999865e-01,4.635462770000000066e-01,8.887138329999999531e-01
2.252357259999999972e-01,1.000000000000000000e+00,6.725680249999999027e-01,3.792098850000000243e-01,7.596731820000000024e-01,7.007924509999999829e-01,3.204523360000000043e-01,5.000000000000000278e-02,7.027732000000000423e-02,1.000000000000000056e-01,9.685863100000000059e-02,9.676714770000000021e-01,8.690492790000000634e-01,3.708932719999999961e-01,4.325841000000000408e-03,1.995440700000000039e-02,6.930363999999999622e-03,6.555393700000000656e-02,1.771180719999999875e-01,7.794783450000000169e-01,7.397918549999999982e-01,9.664007230000000170e-01,5.363301820000000442e-01,6.259274479999999974e-01,7.028397100000000064e-01,3.096618850000000256e-01,1.662915099999999827e-02,7.194646439999999865e-01,4.635462770000000066e-01,8.887138329999999531e-01
2.310774260000000024e-01,1.000000000000000000e+00,6.579900719999999259e-01,3.674718250000000297e-01,7.868642630000000082e-01,7.007924509999999829e-01,3.204523360000000043e-01,5.000000000000000278e-02,7.027732000000000423e-02,1.000000000000000056e-01,9.685863100000000059e-02,9.731256379999999595e-01,8.573585360000000044e-01,3.889177839999999886e-01,4.325841000000000408e-03,1.995440700000000039e-02,6.930363999999999622e-03,5.498723900000000026e-02,1.797329790000000149e-01,7.822201730000000186e-01,7.397918549999999982e-01,9.664007230000000170e-01,5.363301820000000442e-01,6.259274479999999974e-01,7.028397100000000064e-01,3.096618850000000256e-01,1.662915099999999827e-02,7.194646439999999865e-01,4.635462770000000066e-01,8.887138329999999531e-01
2.423443239999999999e-01,1.000000000000000000e+00,6.703020369999999062e-01,3.630420570000000291e-01,7.837803210000000576e-01,7.007924509999999829e-01,3.204523360000000043e-01,5.000000000000000278e-02,7.027732000000000423e-02,1.000000000000000056e-01,9.685863100000000059e-02,9.847839779999999488e-01,8.648680590000000779e-01,3.687883040000000112e-01,4.325841000000000408e-03,1.995440700000000039e-02,6.930363999999999622e-03,6.975831100000000340e-02,1.778143510000000094e-01,7.999761429999999729e-01,7.397918549999999982e-01,9.664007230000000170e-01,5.363301820000000442e-01,6.259274479999999974e-01,7.028397100000000064e-01,3.096618850000000256e-01,1.662915099999999827e-02,7.194646439999999865e-01,4.635462770000000066e-01,8.887138329999999531e-01
2.418902119999999933e-01,1.000000000000000000e+00,6.566719580000000001e-01,3.809835329999999853e-01,7.771177910000000022e-01,7.007924509999999829e-01,3.204523360000000043e-01,5.000000000000000278e-02,7.027732000000000423e-02,1.000000000000000056e-01,9.685863100000000059e-02,9.792076039999999537e-01,8.536164400000000319e-01,3.814997970000000294e-01,4.325841000000000408e-03,1.995440700000000039e-02,6.930363999999999622e-03,6.919753800000000288e-02,1.765236370000000110e-01,7.763239330000000216e-01,7.397918549999999982e-01,9.664007230000000170e-01,5.363301820000000442e-01,6.259274479999999974e-01,7.028397100000000064e-01,3.096618850000000256e-01,1.662915099999999827e-02,7.194646439999999865e-01,4.635462770000000066e-01,8.887138329999999531e-01
2.471686189999999783e-01,1.000000000000000000e+00,6.521759579999999445e-01,3.746567310000000206e-01,7.605555840000000067e-01,7.007924509999999829e-01,3.204523360000000043e-01,5.000000000000000278e-02,7.027732000000000423e-02,1.000000000000000056e-01,9.685863100000000059e-02,9.891170879999999777e-01,8.722066139999999912e-01,3.882581850000000334e-01,4.325841000000000408e-03,1.995440700000000039e-02,6.930363999999999622e-03,7.960579800000000539e-02,1.622859369999999912e-01,7.768704920000000236e-01,7.397918549999999982e-01,9.664007230000000170e-01,5.363301820000000442e-01,6.259274479999999974e-01,7.028397100000000064e-01,3.096618850000000256e-01,1.662915099999999827e-02,7.194646439999999865e-01,4.635462770000000066e-01,8.887138329999999531e-01
2.425513629999999921e-01,1.000000000000000000e+00,6.710366899999999912e-01,3.835980549999999933e-01,7.680654620000000321e-01,7.007924509999999829e-01,3.204523360000000043e-01,5.000000000000000278e-02,7.027732000000000423e-02,1.000000000000000056e-01,9.685863100000000059e-02,9.806684449999999442e-01,8.575455160000000632e-01,3.854392500000000110e-01,4.325841000000000408e-03,1.995440700000000039e-02,6.930363999999999622e-03,7.317985700000000093e-02,1.783511080000000082e-01,7.979025149999999789e-01,7.397918549999999982e-01,9.664007230000000170e-01,5.363301820000000442e-01,6.259274479999999974e-01,7.028397100000000064e-01,3.096618850000000256e-01,1.662915099999999827e-02,7.194646439999999865e-01,4.635462770000000066e-01,8.887138329999999531e-01
2.290368809999999977e-01,1.000000000000000000e+00,6.646613699999999181e-01,3.631634679999999893e-01,7.856474660000000165e-01,7.007924509999999829e-01,3.204523360000000043e-01,5.000000000000000278e-02,7.027732000000000423e-02,1.000000000000000056e-01,9.685863100000000059e-02,9.878847069999999730e-01,8.613076950000000398e-01,3.948662280000000413e-01,4.325841000000000408e-03,1.995440700000000039e-02,6.930363999999999622e-03,5.791007000000000099e-02,1.632926170000000010e-01,7.870891540000000131e-01,7.397918549999999982e-01,9.664007230000000170e-01,5.363301820000000442e-01,6.259274479999999974e-01,7.028397100000000064e-01,3.096618850000000256e-01,1.662915099999999827e-02,7.194646439999999865e-01,4.635462770000000066e-01,8.887138329999999531e-01
2.489784219999999770e-01,9.987154160000000225e-01,6.648659579999999236e-01,3.740426520000000310e-01,7.644672520000000970e-01,7.007924509999999829e-01,3.204523360000000043e-01,5.000000000000000278e-02,7.027732000000000423e-02,1.000000000000000056e-01,9.685863100000000059e-02,9.735720759999999530e-01,8.584426390000000628e-01,3.826138749999999922e-01,4.325841000000000408e-03,1.995440700000000039e-02,6.930363999999999622e-03,5.422586900000000293e-02,1.562313349999999990e-01,7.897369890000000003e-01,7.397918549999999982e-01,9.664007230000000170e-01,5.363301820000000442e-01,6.259274479999999974e-01,7.028397100000000064e-01,3.096618850000000256e-01,1.662915099999999827e-02,7.194646439999999865e-01,4.635462770000000066e-01,8.887138329999999531e-01
2.436134640000000018e-01,1.000000000000000000e+00,6.446309779999999101e-01,3.765354880000000293e-01,7.840783150000000257e-01,7.007924509999999829e-01,3.204523360000000043e-01,5.000000000000000278e-02,7.027732000000000423e-02,1.000000000000000056e-01,9.685863100000000059e-02,9.814045200000000024e-01,8.705375790000000613e-01,3.976983350000000139e-01,4.325841000000000408e-03,1.995440700000000039e-02,6.930363999999999622e-03,7.951288500000000536e-02,1.677353020000000028e-01,7.745191830000000000e-01,7.397918549999999982e-01,9.664007230000000170e-01,5.363301820000000442e-01,6.259274479999999974e-01,7.028397100000000064e-01,3.096618850000000256e-01,1.662915099999999827e-02,7.194646439999999865e-01,4.635462770000000066e-01,8.887138329999999531e-01
2.381217419999999974e-01,1.000000000000000000e+00,6.527183389999999807e-01,3.707907759999999886e-01,7.681765010000000116e-01,7.007924509999999829e-01,3.204523360000000043e-01,5.000000000000000278e-02,7.027732000000000423e-02,1.000000000000000056e-01,9.685863100000000059e-02,9.722280759999999411e-01,8.535606170000000770e-01,3.748636100000000138e-01,4.325841000000000408e-03,1.995440700000000039e-02,6.930363999999999622e-03,6.954471800000000536e-02,1.761442839999999843e-01,7.808646259999999506e-01,7.397918549999999982e-01,9.664007230000000170e-01,5.363301820000000442e-01,6.259274479999999974e-01,7.028397100000000064e-01,3.096618850000000256e-01,1.662915099999999827e-02,7.194646439999999865e-01,4.635462770000000066e-01,8.887138329999999531e-01
2.444051649999999798e-01,1.000000000000000000e+00,6.470099799999999846e-01,3.810320830000000214e-01,7.692749110000000057e-01,7.007924509999999829e-01,3.204523360000000043e-01,5.000000000000000278e-02,7.027732000000000423e-02,1.000000000000000056e-01,9.685863100000000059e-02,9.933610039999999364e-01,8.583430730000000120e-01,3.959197899999999937e-01,4.325841000000000408e-03,1.995440700000000039e-02,6.930363999999999622e-03,6.993842899999999640e-02,1.716375059999999952e-01,8.034335040000000205e-01,7.397918549999999982e-01,9.664007230000000170e-01,5.363301820000000442e-01,6.259274479999999974e-01,7.028397100000000064e-01,3.096618850000000256e-01,1.662915099999999827e-02,7.194646439999999865e-01,4.635462770000000066e-01,8.887138329999999531e-01
2.346734869999999862e-01,1.000000000000000000e+00,6.547059259999999936e-01,3.875697590000000137e-01,7.776787139999999932e-01,7.007924509999999829e-01,3.204523360000000043e-01,5.000000000000000278e-02,7.027732000000000423e-02,1.000000000000000056e-01,9.685863100000000059e-02,9.808453979999999239e-01,8.616897530000000582e-01,3.847085210000000255e-01,4.325841000000000408e-03,1.995440700000000039e-02,6.930363999999999622e-03,5.838570299999999713e-02,1.668750400000000023e-01,7.782127199999999689e-01,7.397918549999999982e-01,9.664007230000000170e-01,5.363301820000000442e-01,6.259274479999999974e-01,7.028397100000000064e-01,3.096618850000000256e-01,1.662915099999999827e-02,7.194646439999999865e-01,4.635462770000000066e-01,8.887138329999999531e-01
2.338241989999999826e-01,9.998797600000000063e-01,6.489533599999999236e-01,3.680455900000000335e-01,7.673494600000000387e-01,7.007924509999999829e-01,3.204523360000000043e-01,5.000000000000000278e-02,7.027732000000000423e-02,1.000000000000000056e-01,9.685863100000000059e-02,9.799644719999999198e-01,8.716894920000000102e-01,3.745905770000000357e-01,4.325841000000000408e-03,1.995440700000000039e-02,6.930363999999999622e-03,5.760785499999999948e-02,1.779528350000000037e-01,7.820987950000000133e-01,7.397918549999999982e-01,9.664007230000000170e-01,5.363301820000000442e-01,6.259274479999999974e-01,7.028397100000000064e-01,3.096618850000000256e-01,1.662915099999999827e-02,7.194646439999999865e-01,4.635462770000000066e-01,8.887138329999999531e-01
2.258516969999999902e-01,1.000000000000000000e+00,6.590837989999999147e-01,3.681732610000000294e-01,7.784634530000000829e-01,7.007924509999999829e-01,3.204523360000000043e-01,5.000000000000000278e-02,7.027732000000000423e-02,1.000000000000000056e-01,9.685863100000000059e-02,9.728983319999999768e-01,8.530617710000000242e-01,3.771686800000000339e-01,4.325841000000000408e-03,1.995440700000000039e-02,6.930363999999999622e-03,7.654392699999999772e-02,1.597954249999999909e-01,7.841159309999999882e-01,7.397918549999999982e-01,9.664007230000000170e-01,5.363301820000000442e-01,6.259274479999999974e-01,7.028397100000000064e-01,3.096618850000000256e-01,1.662915099999999827e-02,7.194646439999999865e-01,4.635462770000000066e-01,8.887138329999999531e-01
2.453521359999999985e-01,1.000000000000000000e+00,6.580575339999999995e-01,3.858599240000000208e-01,7.665508850000000152e-01,7.007924509999999829e-01,3.204523360000000043e-01,5.000000000000000278e-02,7.027732000000000423e-02,1.000000000000000056e-01,9.685863100000000059e-02,9.817086869999999132e-01,8.704786400000000812e-01,3.725023749999999967e-01,4.325841000000000408e-03,1.995440700000000039e-02,6.930363999999999622e-03,6.645594500000000238e-02,1.802945890000000051e-01,7.820680509999999863e-01,7.397918549999999982e-01,9.664007230000000170e-01,5.363301820000000442e-01,6.259274479999999974e-01,7.028397100000000064e-01,3.096618850000000256e-01,1.662915099999999827e-02,7.194646439999999865e-01,4.635462770000000066e-01,8.887138329999999531e-01
2.520548859999999780e-01,1.000000000000000000e+00,6.440444959999999108e-01,3.647209479999999893e-01,7.620913500000000562e-01,7.007924509999999829e-01,3.204523360000000043e-01,5.000000000000000278e-02,7.027732000000000423e-02,1.000000000000000056e-01,9.685863100000000059e-02,9.936593279999998973e-01,8.543176450000000699e-01,3.721467380000000325e-01,4.325841000000000408e-03,1.995440700000000039e-02,6.930363999999999622e-03,5.628121500000000249e-02,1.654436619999999913e-01,7.914969979999999516e-01,7.397918549999999982e-01,9.664007230000000170e-01,5.363301820000000442e-01,6.259274479999999974e-01,7.028397100000000064e-01,3.096618850000000256e-01,1.662915099999999827e-02,7.194646439999999865e-01,4.635462770000000066e-01,8.887138329999999531e-01
2.439256989999999958e-01,1.000000000000000000e+00,6.507902899999999935e-01,3.735144960000000292e-01,7.679460300000000572e-01,7.007924509999999829e-01,3.204523360000000043e-01,5.000000000000000278e-02,7.027732000000000423e-02,1.000000000000000056e-01,9.685863100000000059e-02,9.713816449999999048e-01,8.696263480000000490e-01,3.927518110000000062e-01,4.325841000000000408e-03,1.995440700000000039e-02,6.930363999999999622e-03,7.522451099999999391e-02,1.839098740000000010e-01,8.011871099999999801e-01,7.397918549999999982e-01,9.664007230000000170e-01,5.363301820000000442e-01,6.259274479999999974e-01,7.028397100000000064e-01,3.096618850000000256e-01,1.662915099999999827e-02,7.194646439999999865e-01,4.635462770000000066e-01,8.887138329999999531e-01
2.446746969999999965e-01,1.000000000000000000e+00,6.479527089999999045e-01,3.806544139999999965e-01,7.685869130000000382e-01,7.007924509999999829e-01,3.204523360000000043e-01,5.000000000000000278e-02,7.027732000000000423e-02,1.000000000000000056e-01,9.685863100000000059e-02,9.866540459999999513e-01,8.801927340000000877e-01,3.752988200000000329e-01,4.325841000000000408e-03,1.995440700000000039e-02,6.930363999999999622e-03,7.510023300000000235e-02,1.753348309999999965e-01,7.739030209999999688e-01,7.397918549999999982e-01,9.664007230000000170e-01,5.363301820000000442e-01,6.259274479999999974e-01,7.028397100000000064e-01,3.096618850000000256e-01,1.662915099999999827e-02,7.194646439999999865e-01,4.635462770000000066e-01,8.887138329999999531e-01
2.420680779999999921e-01,1.000000000000000000e+00,6.551629359999999735e-01,3.712912649999999815e-01,7.800784060000000020e-01,7.007924509999999829e-01,3.204523360000000043e-01,5.000000000000000278e-02,7.027732000000000423e-02,1.000000000000000056e-01,9.685863100000000059e-02,9.778999869999999150e-01,8.737039440000000656e-01,3.824746950000000312e-01,4.325841000000000408e-03,1.995440700000000039e-02,6.930363999999999622e-03,8.326125500000000623e-02,1.697833719999999880e-01,7.949996799999999864e-01,7.397918549999999982e-01,9.664007230000000170e-01,5.363301820000000442e-01,6.259274479999999974e-01,7.028397100000000064e-01,3.096618850000000256e-01,1.662915099999999827e-02,7.194646439999999865e-01,4.635462770000000066e-01,8.887138329999999531e-01
